4,1,1,8,8,8,5,4,72,8,565
3,1,2,10,9,9,5,1,90,14,388
3,3,5,5,9,9,9,2,4,15,165
4,4,3,5,5,5,9,1,43,13,188
2,4,3,10,8,8,8,2,32,8,341
1,5,2,6,5,5,9,3,68,13,591
4,1,3,8,5,5,8,2,10,13,520
2,4,2,5,10,10,10,4,56,8,554
4,1,5,10,10,10,7,5,10,12,503
2,2,4,10,9,9,7,3,62,5,619
5,4,4,9,10,10,7,4,77,6,748
2,3,5,6,6,6,7,2,1,12,1270
4,1,2,5,6,6,10,5,4,13,2314
1,4,2,6,6,6,10,5,68,5,511
1,3,3,9,6,6,7,4,50,13,1761
1,3,1,7,8,8,5,2,67,10,987
5,5,1,9,8,8,8,3,71,14,2410
5,3,5,10,6,6,5,3,4,15,1892
3,1,1,5,9,9,7,1,41,14,3658
2,5,4,6,7,7,6,1,22,1,472
4,5,4,6,14,14,6,1,15,9,493
1,1,2,12,11,11,8,5,47,9,1277
5,4,5,7,6,6,9,3,37,5,647
4,2,1,10,10,10,7,1,57,7,465
5,2,5,7,9,9,9,2,58,10,784
3,3,5,6,11,11,10,3,28,4,764
2,4,4,12,15,15,7,1,55,8,1420
4,3,1,12,5,5,6,5,95,6,1480
5,5,2,13,8,8,7,2,39,8,1031
2,5,1,10,10,10,10,1,40,7,591
3,3,3,7,6,6,6,3,66,2,1307
2,2,3,8,11,11,10,1,42,8,1088
5,2,3,13,12,12,7,4,46,3,2174
4,5,4,9,7,7,8,2,15,9,1727
1,3,5,5,8,8,6,5,61,3,3498
1,5,3,15,6,6,7,3,72,7,3612
3,1,2,14,10,10,10,4,80,5,3004
3,4,5,9,10,10,10,1,91,5,4446
4,4,1,5,8,8,9,5,29,4,2654
2,3,1,5,10,10,8,3,24,5,4698
3,1,5,14,6,6,10,3,93,1,3322
5,3,4,13,6,6,9,5,89,7,3768
5,4,1,14,10,10,10,4,63,8,4398
3,3,5,13,11,11,6,5,99,4,4440
1,3,1,10,15,15,10,5,26,10,3319
5,4,1,6,9,9,9,3,10,2,3862
2,2,2,10,8,8,7,4,69,7,5109
4,4,4,14,14,14,9,3,45,2,4229
1,3,2,9,11,11,7,4,43,4,4074
1,5,4,11,13,13,8,2,58,1,5147
2,3,1,10,6,6,8,3,12,2,4538
5,3,5,11,11,11,6,2,94,6,4003
5,1,1,5,5,5,10,5,47,10,3522
5,1,1,6,5,5,8,5,80,8,4775
3,3,4,9,7,7,7,4,45,9,4257
2,3,3,15,11,11,8,4,57,2,4946
3,1,2,14,12,12,9,3,36,1,4948
1,3,2,13,5,5,5,5,36,7,3811
4,1,5,11,12,12,9,4,52,3,5063
5,1,1,11,8,8,8,3,95,5,4926
5,5,1,14,10,10,7,3,37,3,4353
3,5,2,14,7,7,6,2,99,10,5585
2,2,4,15,10,10,8,5,31,7,3074
4,4,4,5,7,7,8,2,28,8,5074
4,5,2,13,13,13,7,5,95,2,1345
4,4,1,15,9,9,7,5,72,7,1320
2,2,1,8,5,5,9,4,12,9,2074
1,2,5,12,13,13,7,5,2,10,2832
4,5,3,9,9,9,8,5,15,4,2697
2,2,4,15,14,14,6,1,66,1,4423
4,5,5,9,15,15,7,1,27,8,2607
2,3,2,12,8,8,9,5,46,8,3737
2,1,3,11,7,7,5,3,83,3,4863
2,2,3,11,12,12,10,1,22,5,2911
3,1,2,10,14,14,8,5,40,8,4384
1,4,3,14,13,13,6,4,49,10,2192
4,5,2,13,13,13,7,4,60,7,2619
1,3,3,10,5,5,7,4,87,5,4818
3,2,1,13,10,10,6,5,84,5,5095
3,5,3,8,9,9,6,2,27,3,4055
5,4,3,5,5,5,10,2,42,6,4726
1,4,2,5,10,10,6,4,43,1,4033
2,3,5,7,13,13,9,3,38,8,3241
5,3,4,9,11,11,10,1,20,6,3452
4,2,1,5,13,13,7,1,59,9,5149
3,1,1,9,8,8,6,4,66,9,5000
3,2,4,12,14,14,7,2,93,9,5274
2,2,1,5,8,8,5,2,82,6,4979
5,2,4,10,14,14,8,5,53,6,4649
1,4,3,13,8,8,9,1,59,7,3589
3,5,4,9,8,8,7,3,90,1,3808
1,5,3,12,5,5,6,2,8,7,4782
2,3,5,11,6,6,8,2,90,1,3071
3,4,3,7,8,8,6,1,21,2,1662
3,1,3,9,9,9,6,2,52,10,4652
1,5,5,9,7,7,9,5,38,8,3339
5,5,2,5,8,8,8,1,30,4,4870
3,2,1,14,7,7,10,5,56,3,5188
3,1,2,15,10,10,7,2,96,7,5625
2,5,4,5,5,5,9,2,30,5,5292
4,3,1,15,12,12,6,2,10,5,4880
3,4,5,6,12,12,9,3,86,6,4979
3,5,2,13,7,7,8,3,85,7,3619
2,1,2,13,7,7,9,4,37,2,6945
1,2,1,9,7,7,9,2,90,1,7040
3,5,2,10,8,8,10,1,18,8,5483
2,5,3,14,7,7,8,1,51,1,5679
4,4,4,15,5,5,6,2,32,4,4862
5,3,5,8,15,15,6,4,84,4,4034
3,1,2,8,7,7,10,4,18,10,5385
2,5,4,7,7,7,9,5,18,9,6303
3,2,2,6,13,13,10,2,26,6,4388
5,4,4,7,7,7,8,3,55,5,5055
2,4,4,5,15,15,6,4,79,10,5578
4,3,2,15,10,10,5,2,89,2,5871
5,3,5,5,15,15,8,3,76,7,4843
4,5,4,12,15,15,10,4,81,3,5140
3,5,4,9,9,9,6,1,82,10,3634
1,4,4,8,13,13,6,2,96,1,5234
5,4,3,6,15,15,10,3,60,3,4664
4,3,3,9,13,13,9,1,61,5,5062
1,5,2,11,14,14,8,2,52,1,4975
3,2,3,6,15,15,6,1,16,7,5354
1,1,1,12,13,13,10,2,59,5,4785
3,2,2,6,5,5,10,1,74,9,7043
2,4,4,11,5,5,10,1,95,7,3043
4,2,4,7,8,8,8,2,33,3,4995
2,5,4,12,11,11,7,1,62,10,4723
2,3,5,7,8,8,9,5,98,9,4167
5,4,5,9,10,10,9,4,7,2,4714
3,2,4,7,7,7,8,2,85,5,6065
3,2,2,11,11,11,7,1,76,10,6001
5,2,1,12,6,6,9,5,74,2,5929
3,5,5,10,15,15,9,2,13,7,4957
2,3,1,8,5,5,10,1,75,7,5960
1,2,4,9,8,8,9,1,84,4,6495
5,5,1,8,6,6,7,1,50,2,5793
5,4,1,6,5,5,8,5,84,5,6395
4,1,3,8,8,8,10,3,69,5,7245
2,3,2,11,12,12,6,5,23,2,6955
3,1,3,9,10,10,6,5,96,9,5777
5,4,3,7,6,6,5,1,19,7,3679
1,4,3,6,6,6,6,5,37,7,5763
5,1,3,9,14,14,6,1,58,3,6206
2,4,3,13,10,10,7,1,66,6,6343
5,3,2,11,6,6,6,5,45,3,6902
4,1,1,13,5,5,7,3,96,3,5312
1,3,5,5,14,14,9,2,8,2,7241
1,1,2,9,15,15,8,3,39,9,6190
4,3,5,15,12,12,10,4,20,9,5583
2,5,1,11,5,5,7,5,66,10,5652
4,2,5,14,5,5,8,4,56,2,6187
4,1,2,5,15,15,7,1,94,1,1296
2,4,2,10,14,14,5,3,86,1,3703
1,3,5,5,6,6,8,5,98,8,3718
2,3,4,7,13,13,5,1,73,2,4590
5,5,4,15,15,15,5,1,0,4,4153
1,4,4,12,10,10,8,5,16,2,5833
1,5,5,11,9,9,9,3,0,2,4964
3,4,5,8,15,15,10,2,37,1,3874
2,4,3,14,14,14,9,1,37,6,5476
2,5,2,10,13,13,9,4,98,1,4906
2,2,3,8,13,13,9,1,4,6,5291
3,1,5,9,14,14,5,5,100,7,5900
3,5,2,9,7,7,8,2,76,9,6249
1,5,3,13,13,13,9,1,32,10,4724
5,5,1,11,6,6,7,5,98,7,4928
4,2,3,9,15,15,10,5,41,1,5083
5,4,1,7,12,12,10,1,32,3,4334
5,3,2,11,12,12,10,4,69,6,3875
2,4,4,13,12,12,7,1,24,2,4675
3,1,1,9,11,11,7,1,87,7,4506
3,2,4,6,10,10,5,2,45,8,4907
4,3,3,8,8,8,6,2,94,3,2576
2,2,1,12,7,7,10,1,22,9,4090
2,2,4,11,6,6,5,4,42,9,4945
5,1,5,12,5,5,10,5,27,6,4472
1,5,1,7,12,12,8,4,92,3,4283
4,4,2,7,6,6,5,1,44,2,4095
2,1,4,6,13,13,5,4,91,9,4230
4,3,3,5,6,6,6,1,18,9,4782
4,5,2,9,9,9,5,1,2,5,2812
3,5,1,7,12,12,6,1,2,9,3330
1,5,4,6,8,8,10,3,33,6,4725
4,4,1,12,10,10,8,4,32,2,5490
5,2,3,6,7,7,7,1,95,9,4354
5,5,1,10,10,10,8,4,100,5,6112
5,5,3,10,15,15,7,4,90,2,5716
2,2,5,5,7,7,5,1,53,1,6184
3,5,3,14,8,8,6,4,52,8,6119
2,3,2,12,13,13,7,4,66,5,7311
3,4,4,15,10,10,7,1,75,7,5754
1,2,5,11,11,11,10,3,49,8,4960
3,5,3,5,5,5,10,3,78,5,7477
1,5,4,15,9,9,10,5,35,10,5638
2,5,5,6,10,10,8,4,30,7,5348
3,5,2,10,14,14,7,4,70,7,5310
1,3,3,15,10,10,9,4,55,1,4930
4,3,1,8,11,11,5,1,38,10,4756
1,1,4,6,14,14,6,5,26,10,4765
5,3,2,13,5,5,7,3,44,8,5962
2,2,3,14,15,15,7,1,49,8,5237
1,5,5,15,5,5,10,2,55,5,5071
2,3,2,8,7,7,8,5,31,5,4589
5,5,5,14,12,12,9,3,18,3,4092
2,4,4,13,11,11,5,1,19,9,4682
1,3,5,11,15,15,10,4,81,10,4009
2,4,4,10,12,12,9,1,94,5,5322
3,1,1,6,10,10,10,2,97,2,5073
3,3,3,12,15,15,7,2,86,10,3788
3,4,4,12,8,8,8,4,40,6,5523
5,4,3,6,7,7,6,3,93,9,5404
4,5,5,13,11,11,9,2,55,2,3483
3,3,2,9,13,13,8,5,14,9,5309
3,5,3,8,9,9,10,1,15,2,4781
2,5,2,5,7,7,5,4,54,1,5324
4,5,5,13,9,9,6,4,59,2,5280
1,1,3,14,5,5,8,1,78,5,5420
1,3,4,7,12,12,9,3,57,3,5238
3,1,3,11,14,14,9,1,30,2,3012
5,4,1,13,8,8,7,4,72,3,5548
1,1,4,13,11,11,9,1,94,9,3350
1,2,4,11,8,8,10,4,30,6,4485
5,4,2,13,9,9,8,4,20,10,5485
3,4,1,13,11,11,8,1,14,2,4268
1,1,5,11,14,14,10,3,89,5,5918
2,2,1,10,12,12,10,3,4,6,4543
5,4,3,12,10,10,10,3,67,10,3928
2,2,3,11,9,9,5,3,86,4,4837
1,1,5,5,15,15,8,1,33,10,4826
4,1,1,11,14,14,6,5,81,8,5219
3,2,1,9,12,12,5,5,54,1,4688
3,2,3,14,13,13,7,4,22,2,3946
4,4,3,13,14,14,5,5,97,3,5758
2,2,1,8,14,14,7,3,29,5,6041
4,3,4,15,7,7,10,4,11,1,6747
3,1,1,14,12,12,5,1,89,4,2840
2,3,1,7,9,9,5,2,52,3,1858
1,2,2,5,14,14,8,5,11,8,2700
4,4,5,12,15,15,6,3,99,10,5098
1,1,1,14,10,10,8,3,77,9,5959
3,1,2,9,9,9,8,5,38,9,6082
4,3,2,7,13,13,10,4,86,5,6620
1,4,4,11,8,8,8,1,29,9,6735
2,5,3,15,6,6,5,3,59,1,3723
3,5,4,10,12,12,7,4,2,4,6143
1,2,1,15,8,8,6,4,29,10,5401
1,1,3,12,15,15,8,1,9,4,6250
3,2,2,7,10,10,7,2,45,3,5628
2,3,4,14,6,6,9,2,33,5,5983
2,5,1,10,9,9,9,5,51,2,6010
2,2,2,12,11,11,10,5,100,6,5291
1,3,2,14,12,12,9,3,2,4,7099
3,2,5,8,14,14,7,1,7,5,5453
5,2,1,5,8,8,6,4,5,6,6957
4,1,3,13,15,15,6,2,0,6,6328
1,3,2,5,14,14,10,4,50,9,5875
1,2,2,5,10,10,6,3,82,4,5879
5,4,2,9,14,14,6,2,59,7,4563
5,3,3,14,9,9,9,5,10,6,5929
4,1,2,12,9,9,6,2,66,4,7070
2,1,5,11,7,7,10,1,68,8,5932
5,1,5,9,5,5,10,5,53,2,5130
1,3,1,7,13,13,10,2,45,8,5194
5,4,4,5,10,10,9,2,42,5,4352
1,4,2,13,12,12,6,3,71,7,5243
2,3,1,10,13,13,10,1,47,10,5280
1,2,1,11,5,5,10,5,24,10,5188
1,5,1,10,8,8,9,4,41,5,6187
2,2,2,7,12,12,7,4,42,7,5839
1,3,5,14,6,6,8,5,18,2,5833
1,4,5,15,11,11,10,5,21,1,6146
3,3,1,15,7,7,5,1,92,1,5998
4,2,3,9,13,13,8,1,84,6,6204
1,5,3,7,8,8,10,4,38,2,6187
3,4,1,5,15,15,8,5,55,1,5838
4,3,2,10,14,14,8,5,100,6,5329
2,3,5,10,14,14,8,3,42,6,4927
4,5,2,7,10,10,9,4,11,4,3579
2,3,4,9,12,12,8,5,27,2,4920
2,2,3,5,15,15,7,4,74,7,5954
3,1,1,11,5,5,7,1,67,8,5922
3,4,2,9,12,12,9,1,56,10,5841
1,2,4,5,13,13,7,5,55,10,6947
5,2,3,14,12,12,7,5,84,7,6035
4,5,3,12,12,12,8,4,49,9,4334
1,2,4,10,8,8,5,3,86,9,6953
2,3,1,14,5,5,10,5,26,8,6614
3,4,2,5,14,14,5,5,44,6,7097
1,2,4,11,11,11,9,4,12,5,2416
1,5,4,12,15,15,9,2,35,2,4651
2,5,3,6,7,7,6,2,74,8,4159
1,3,2,11,11,11,9,5,9,4,2858
5,5,2,7,7,7,6,4,97,1,6020
1,4,5,12,7,7,10,1,6,2,3891
5,3,4,11,12,12,6,4,1,6,4075
2,1,4,7,11,11,7,4,76,7,6544
5,4,1,5,11,11,5,1,26,5,5466
3,3,3,12,14,14,6,3,17,1,4818
3,4,1,8,15,15,7,3,36,6,5524
5,4,3,11,15,15,7,2,82,8,5481
4,5,4,13,6,6,10,4,97,10,6080
5,2,3,7,10,10,8,5,72,8,7122
3,3,5,11,15,15,5,1,11,10,5272
2,4,5,12,6,6,9,3,35,8,5159
4,2,4,14,5,5,5,3,96,7,5848
2,3,3,14,6,6,10,4,1,10,5189
4,5,2,12,5,5,8,5,0,7,4073
2,4,5,15,11,11,9,1,21,8,6388
2,2,4,14,7,7,6,3,32,7,5850
4,2,3,12,12,12,5,1,65,1,7621
2,3,1,15,9,9,5,2,90,5,5788
4,3,5,9,10,10,7,4,96,10,7158
1,5,5,12,7,7,7,5,40,2,4244
3,5,5,14,14,14,9,4,61,9,5784
2,4,3,8,5,5,10,1,49,3,5046
5,5,4,7,12,12,6,2,78,5,5135
1,2,5,9,12,12,10,4,26,2,5881
1,4,5,15,11,11,10,5,70,3,6062
3,1,5,12,5,5,8,1,18,2,7386
1,3,1,6,15,15,6,5,28,6,7180
5,2,5,7,11,11,8,3,37,5,6992
5,3,5,15,14,14,8,3,46,5,6870
2,1,4,9,11,11,6,1,40,9,7128
3,5,4,13,9,9,6,3,68,8,5328
1,5,1,8,8,8,9,5,92,7,7636
5,5,2,5,10,10,8,2,26,10,5464
2,5,1,13,7,7,5,4,43,6,5234
2,4,4,8,8,8,8,5,50,5,5753
2,3,1,8,9,9,9,1,84,5,6472
4,5,5,10,5,5,9,1,41,1,6952
4,3,1,12,12,12,6,5,70,7,5938
5,2,4,15,7,7,9,1,36,9,5288
3,4,3,7,13,13,5,5,52,10,5822
3,5,3,10,6,6,5,2,89,8,6071
1,4,1,11,12,12,6,2,47,3,5931
2,5,2,15,9,9,6,4,92,10,5140
4,5,4,7,12,12,8,2,37,7,4818
3,3,4,14,8,8,9,4,2,8,5049
4,3,5,12,6,6,7,5,38,3,6432
3,1,3,14,13,13,6,5,94,3,5333
4,5,5,12,12,12,9,1,87,2,7217
2,4,3,5,6,6,10,1,43,2,5949
5,3,3,14,7,7,8,4,48,9,6057
3,4,4,5,10,10,5,5,75,3,6141
3,5,5,12,5,5,8,1,40,10,7756
4,2,4,10,12,12,10,3,53,10,6554
1,3,4,7,10,10,10,4,59,10,5282
5,1,1,12,11,11,9,3,86,8,5892
5,5,2,9,14,14,10,5,20,1,4624
3,2,1,8,7,7,7,2,96,2,4772
5,5,4,7,8,8,9,2,91,2,3261
4,5,5,15,7,7,5,1,54,8,4219
1,3,2,6,14,14,8,5,38,10,5125
5,2,4,8,5,5,7,5,13,4,5675
4,4,3,11,13,13,7,2,57,10,4606
3,2,1,13,7,7,6,2,61,2,5674
4,5,4,10,10,10,7,3,99,9,5106
3,5,3,11,5,5,8,1,74,1,7059
4,5,3,13,13,13,5,3,40,6,7604
5,2,3,15,7,7,10,2,33,7,6052
2,4,5,10,7,7,6,3,79,9,4165
1,2,5,10,15,15,7,2,99,1,5396
1,2,5,6,6,6,10,5,16,10,5852
5,2,5,14,6,6,5,3,91,10,5296
2,2,2,8,7,7,9,3,77,1,5817
2,1,1,13,12,12,6,4,72,2,6118
5,1,2,6,13,13,7,3,52,3,5856
3,5,4,15,15,15,9,1,96,6,2811
1,1,5,9,7,7,7,2,27,2,3539
2,4,2,6,13,13,10,1,82,9,1399
1,2,1,9,6,6,10,4,77,10,4112
5,5,2,11,6,6,6,2,32,8,2961
1,1,2,13,15,15,6,3,95,1,5622
1,2,4,11,5,5,10,2,43,4,2907
3,1,1,12,5,5,10,5,7,10,4780
2,4,4,7,13,13,7,3,66,10,5143
2,1,2,5,12,12,6,3,61,6,1770
2,1,4,15,11,11,6,1,18,6,1772
5,2,5,8,5,5,6,2,5,10,1233
3,4,2,14,6,6,6,5,68,4,3045
1,5,4,14,15,15,7,2,25,9,2380
4,5,2,11,10,10,6,4,0,7,6609
3,3,5,6,12,12,7,2,14,1,2670
1,3,1,15,7,7,10,4,25,5,6077
2,4,4,6,9,9,9,4,85,3,5732
2,3,3,5,15,15,9,2,81,2,4503
4,1,2,7,13,13,8,1,53,3,3385
4,3,1,14,9,9,6,5,24,9,3384
2,3,4,9,14,14,10,2,67,6,3668
5,2,4,14,11,11,10,2,83,6,5416
4,2,5,15,9,9,6,1,68,6,3472
4,1,1,5,5,5,6,5,20,2,4901
4,2,3,8,13,13,9,2,94,3,3996
3,4,2,7,9,9,5,1,9,1,3811
4,1,1,9,8,8,10,5,73,6,5435
4,2,4,5,9,9,5,3,16,8,3731
5,1,1,9,7,7,5,4,98,10,5860
4,3,4,9,7,7,6,3,76,6,4816
2,1,4,13,11,11,7,1,9,9,5716
4,5,5,9,7,7,8,2,10,6,4043
4,4,2,8,10,10,10,1,55,6,5088
5,4,2,10,15,15,7,3,91,8,5380
2,5,2,15,8,8,7,2,9,3,3915
3,4,3,7,6,6,6,4,54,8,3924
3,1,4,14,9,9,8,1,54,8,5222
5,5,1,8,6,6,9,5,51,8,4783
1,5,5,12,9,9,9,2,62,7,5264
4,5,4,14,15,15,9,5,21,4,3376
4,4,4,11,15,15,8,2,20,6,3213
2,2,4,8,13,13,10,2,16,1,2911
3,5,4,7,14,14,10,5,73,3,3678
3,4,3,13,5,5,8,1,23,5,3089
5,3,2,15,5,5,6,4,68,1,3423
2,4,5,13,5,5,5,3,60,4,340
1,4,2,7,9,9,7,2,5,5,1132
4,4,5,11,8,8,6,2,47,6,1521
2,2,3,14,9,9,7,2,62,2,432
5,3,4,12,15,15,6,2,35,8,1694
3,5,5,12,5,5,6,4,27,10,2113
4,2,1,6,15,15,6,1,56,8,1775
3,1,1,9,7,7,8,1,30,5,3924
3,1,1,11,10,10,5,2,29,6,3935
5,4,1,12,15,15,7,4,53,7,199
2,5,5,13,9,9,8,4,43,3,1392
5,3,3,6,5,5,5,3,54,1,1704
3,1,4,5,5,5,10,4,10,7,3354
2,1,1,12,12,12,8,4,96,1,2060
2,4,4,14,10,10,8,2,1,8,1796
3,4,3,7,9,9,6,1,62,1,519
5,5,4,5,9,9,5,4,72,3,1679
5,4,1,11,7,7,9,2,83,2,3343
1,1,4,13,11,11,10,5,83,5,3952
5,1,1,5,7,7,8,2,60,4,4697
2,3,4,13,9,9,10,5,97,1,2076
3,3,1,8,10,10,10,2,26,8,2296
3,4,3,11,9,9,9,5,61,5,1566
3,1,1,7,8,8,7,2,29,9,2554
5,3,2,9,7,7,7,3,96,6,4146
4,1,3,7,15,15,10,4,20,8,5085
2,5,1,8,15,15,6,5,50,2,2329
2,1,1,15,8,8,7,2,54,3,4792
4,4,5,15,9,9,5,4,81,5,7966
5,5,3,11,15,15,10,4,99,6,6382
5,1,1,6,14,14,6,3,54,7,5448
1,3,1,12,9,9,6,1,72,8,4845
1,1,3,10,6,6,7,3,100,9,5325
2,1,1,14,5,5,10,1,88,7,5762
5,4,3,6,7,7,6,3,14,2,5693
3,1,1,7,8,8,7,5,60,10,6695
3,5,2,9,14,14,6,3,93,8,5295
4,5,3,5,5,5,8,4,6,5,5111
2,4,4,8,12,12,5,5,11,9,5066
2,4,4,9,8,8,9,1,82,6,5251
2,2,3,8,9,9,10,4,12,1,5119
4,4,2,14,12,12,10,4,50,3,4401
5,1,1,6,6,6,9,1,72,6,5125
1,1,3,6,10,10,5,3,80,1,5809
5,5,3,7,12,12,5,5,91,3,5084
2,2,1,11,9,9,9,4,30,7,6073
3,3,3,6,13,13,10,2,34,8,5582
2,5,2,15,12,12,7,5,45,3,3983
4,1,5,7,9,9,9,2,98,10,6329
5,3,5,10,7,7,10,2,9,1,4116
2,4,5,15,9,9,9,2,4,9,5123
2,5,5,13,8,8,5,2,84,7,5409
2,2,2,7,5,5,9,4,35,7,6450
3,3,3,6,15,15,9,5,44,7,5895
4,2,4,8,12,12,10,3,20,4,6449
3,4,1,11,7,7,8,2,69,7,3338
5,3,4,13,14,14,9,3,83,3,5878
4,1,4,10,10,10,9,5,55,3,3436
5,1,2,8,9,9,8,2,55,10,3154
3,4,5,10,7,7,8,1,64,2,7347
1,5,3,5,10,10,10,4,10,9,5681
4,3,1,6,10,10,8,5,53,4,5855
5,2,5,10,10,10,8,2,5,4,7091
4,3,3,10,13,13,6,5,80,3,4544
3,2,4,13,14,14,5,3,72,4,5361
1,1,5,9,11,11,7,4,85,9,6558
2,3,1,14,13,13,5,1,23,7,6566
4,2,3,5,5,5,9,1,93,3,4197
1,2,3,14,5,5,8,5,10,10,6659
2,3,1,14,14,14,10,1,32,3,2053
1,5,3,6,14,14,9,5,0,3,6286
3,4,5,11,15,15,6,3,34,2,3914
1,2,1,6,12,12,5,2,6,5,6364
4,4,5,6,12,12,10,4,41,2,3950
1,4,1,7,10,10,5,4,25,9,5694
2,5,2,15,7,7,9,3,86,5,6328
5,2,3,13,9,9,6,4,80,10,5206
4,2,1,11,13,13,10,2,64,8,4346
3,5,4,11,13,13,5,4,0,10,4546
2,5,1,12,9,9,9,2,96,2,5365
1,2,1,11,5,5,7,4,70,1,6367
2,4,4,12,11,11,6,3,53,4,4162
2,3,4,9,7,7,9,2,36,4,1673
1,3,5,5,12,12,5,5,22,6,4395
2,5,2,8,8,8,10,1,96,7,4226
4,3,1,9,7,7,6,2,39,3,3297
3,1,1,13,10,10,9,4,67,8,4304
3,4,2,9,5,5,8,3,86,6,1433
4,4,5,8,8,8,10,3,78,2,3406
4,4,1,7,9,9,9,5,39,7,1852
1,4,2,13,11,11,6,3,83,3,3133
5,4,4,7,12,12,7,2,38,7,3800
4,4,2,15,15,15,8,5,4,5,3726
5,3,3,6,13,13,6,3,33,5,4956
4,3,2,5,9,9,9,4,49,7,4910
5,2,5,14,13,13,10,3,24,4,4030
5,4,5,10,11,11,5,3,65,1,3458
2,4,3,15,7,7,8,5,98,10,4412
2,1,2,9,8,8,7,1,86,4,4117
3,2,5,11,14,14,7,2,24,1,3822
1,2,4,13,9,9,10,3,43,3,4736
1,5,1,6,5,5,7,3,36,9,3749
3,4,3,12,11,11,5,1,29,5,4419
3,3,5,15,12,12,5,1,40,10,4954
5,3,1,12,12,12,10,3,2,8,3407
3,2,4,11,10,10,9,3,12,10,3996
5,3,5,9,9,9,6,4,93,4,2737
4,4,3,8,14,14,6,3,6,2,2482
4,3,1,14,6,6,7,5,58,2,3528
1,4,3,11,9,9,6,3,33,2,4450
1,3,2,5,11,11,9,5,12,2,4196
1,2,5,13,6,6,9,3,100,6,3464
3,2,1,10,5,5,5,1,26,8,4093
5,2,3,14,12,12,9,4,76,3,4415
2,4,1,10,11,11,9,5,17,1,4667
3,4,4,14,12,12,8,1,69,8,4661
2,3,2,6,10,10,5,1,9,3,4924
1,5,4,7,10,10,5,1,57,4,4904
2,2,2,10,11,11,9,3,83,3,4677
3,1,1,8,10,10,10,2,91,3,4850
5,4,4,12,6,6,5,4,20,10,3104
3,5,1,15,13,13,8,5,0,3,3483
5,4,2,14,6,6,8,3,37,10,4927
2,5,4,8,12,12,5,5,11,2,4617
4,2,4,9,13,13,9,5,70,5,3739
4,2,5,6,5,5,5,4,85,5,3718
5,4,5,9,5,5,10,5,22,3,5029
3,2,4,14,7,7,8,2,94,3,4685
3,5,4,12,14,14,5,2,51,8,4468
2,3,5,14,12,12,5,1,76,9,3887
3,4,2,6,15,15,7,2,98,10,5006
5,2,1,8,15,15,9,4,72,9,4512
3,1,3,5,10,10,9,3,47,2,4119
5,3,5,15,14,14,8,5,26,7,4558
2,5,4,12,13,13,10,1,27,5,2548
4,3,4,10,13,13,6,1,23,10,1892
3,1,4,13,6,6,6,3,4,8,2922
1,5,4,8,6,6,6,2,56,2,2850
4,4,2,9,12,12,5,1,0,3,2793
5,5,2,14,9,9,7,5,45,3,3680
5,4,4,15,10,10,6,2,7,7,4123
2,4,1,10,15,15,6,5,75,5,982
5,2,3,9,13,13,9,1,76,3,2257
3,4,4,6,5,5,7,3,20,7,3018
1,1,1,10,6,6,7,1,96,3,4872
2,4,4,11,14,14,5,2,63,9,2638
4,5,2,12,6,6,10,3,93,8,5016
3,1,2,8,7,7,10,3,44,4,5577
2,5,1,15,12,12,6,5,56,1,4336
3,3,3,14,15,15,7,5,43,7,3432
2,2,1,14,9,9,7,3,7,9,4570
5,1,3,13,11,11,10,1,10,8,4537
4,1,2,13,9,9,10,2,65,10,5001
5,4,4,9,12,12,6,3,56,2,4059
3,4,4,13,15,15,10,5,72,3,2827
5,3,4,13,9,9,9,1,96,5,4187
5,5,3,5,15,15,8,4,13,8,1284
5,1,4,11,14,14,9,1,41,7,4873
1,1,2,6,15,15,10,3,6,2,1787
5,1,2,12,10,10,10,5,34,10,3725
3,4,5,9,9,9,8,3,35,2,3108
2,4,4,8,7,7,7,1,44,7,3486
1,3,1,13,10,10,10,5,70,2,5263
2,4,5,8,5,5,7,5,62,8,3439
5,3,3,9,11,11,6,5,65,7,3874
3,2,5,11,8,8,8,2,29,1,3253
2,2,3,11,7,7,5,2,21,10,3272
3,1,4,14,9,9,7,4,6,10,5257
5,5,2,9,5,5,6,1,38,1,4119
2,5,3,15,14,14,7,5,76,10,4886
5,3,5,11,12,12,10,4,51,2,3407
3,3,4,7,5,5,10,3,59,2,5103
4,4,4,9,14,14,9,2,28,5,2955
3,1,5,14,9,9,10,3,90,9,5136
4,4,1,14,7,7,8,2,56,7,4955
5,2,4,13,6,6,10,2,32,2,4396
2,3,1,6,11,11,9,4,64,9,3932
4,2,3,14,13,13,6,1,62,5,5039
2,4,4,7,14,14,8,2,40,6,4401
2,2,2,14,6,6,6,1,2,4,4519
2,1,5,6,15,15,9,1,11,8,4566
2,2,4,10,9,9,10,2,50,2,4713
1,1,4,11,14,14,9,3,58,6,4678
4,4,4,13,6,6,10,3,88,10,4777
5,1,3,9,9,9,6,3,90,7,4395
2,1,5,7,13,13,9,4,2,9,4826
2,1,5,7,12,12,10,2,59,3,4109
5,5,2,9,7,7,7,3,64,10,4798
5,1,3,14,6,6,5,3,87,5,5120
2,5,2,15,7,7,10,1,85,7,4921
3,5,3,9,15,15,8,5,50,1,4719
1,3,2,9,13,13,7,5,84,8,4254
3,5,2,8,11,11,8,4,59,3,3157
1,3,3,13,5,5,5,3,59,3,4553
1,4,3,15,8,8,5,4,72,5,4639
4,5,5,11,9,9,8,2,76,6,4291
2,3,5,14,15,15,5,3,4,7,4706
5,4,5,5,13,13,10,1,79,8,3142
3,4,1,9,13,13,10,3,69,10,4593
4,2,1,15,11,11,7,3,88,4,4180
4,3,2,11,9,9,6,4,27,10,4229
4,1,2,10,11,11,7,2,67,4,4145
5,4,4,10,10,10,6,3,89,5,4985
2,5,5,13,8,8,8,4,51,3,3542
1,1,3,12,10,10,7,2,97,10,5383
1,4,2,12,15,15,9,1,51,7,4398
5,4,1,14,7,7,7,2,30,9,4427
3,3,1,13,15,15,6,2,28,10,4876
1,1,2,11,11,11,10,4,2,6,4513
2,5,3,5,15,15,6,1,5,4,4667
1,2,2,14,6,6,6,5,11,10,3914
2,2,4,12,10,10,7,3,82,5,4531
4,4,4,8,13,13,10,1,52,9,5041
3,1,3,14,9,9,9,5,22,2,4351
2,2,5,8,6,6,9,3,40,7,4899
5,1,5,12,8,8,7,5,45,9,4678
2,1,4,15,14,14,8,3,27,5,4674
3,5,1,12,14,14,10,4,24,10,4968
5,1,2,10,14,14,5,4,85,7,4436
4,2,2,11,6,6,8,1,8,2,4687
5,3,3,8,7,7,7,5,64,7,3560
3,5,5,13,14,14,6,1,1,9,4896
2,3,2,14,12,12,9,5,91,6,3899
1,2,2,9,9,9,10,4,59,6,5462
3,4,3,7,10,10,9,1,56,4,5750
1,2,4,14,8,8,8,4,32,7,5112
4,4,1,6,10,10,9,4,64,2,3100
4,2,5,6,12,12,8,4,75,10,3678
2,2,4,13,7,7,5,4,66,4,4854
3,2,3,10,6,6,9,1,6,2,4369
2,2,2,6,7,7,8,5,52,3,4712
5,1,3,5,15,15,9,5,66,6,4872
5,2,2,13,8,8,10,5,95,5,5962
3,3,2,6,15,15,8,2,71,7,5302
5,5,3,8,13,13,8,4,20,4,5181
3,3,4,15,10,10,6,3,9,5,4070
4,1,5,6,12,12,7,2,11,3,5093
2,1,4,11,7,7,8,2,25,4,4628
3,3,3,14,10,10,10,2,70,2,4662
5,2,1,9,10,10,10,2,15,4,5028
3,4,1,9,5,5,10,2,34,2,4738
2,2,2,15,7,7,5,1,25,6,4892
2,5,1,5,5,5,6,1,63,9,4801
1,4,3,9,12,12,7,3,6,1,4925
2,3,4,5,9,9,7,1,91,9,5347
5,5,5,6,11,11,5,3,75,3,4477
2,2,4,15,14,14,6,1,34,10,4879
4,3,5,15,7,7,10,5,73,2,5128
3,3,2,13,8,8,6,3,66,10,4662
2,5,5,9,12,12,10,2,88,5,5069
2,3,3,7,13,13,5,3,87,10,4979
4,4,5,10,11,11,9,1,54,5,5133
2,5,3,13,13,13,7,2,72,4,4918
1,3,1,13,6,6,10,3,54,3,4798
1,1,2,12,12,12,7,1,16,6,4806
4,5,2,5,12,12,5,1,8,5,4794
5,4,1,7,9,9,6,1,56,2,4557
4,3,1,11,12,12,9,2,93,8,5021
3,1,3,5,8,8,10,4,3,4,5002
2,1,1,6,5,5,9,4,37,10,4175
5,4,5,6,5,5,6,2,95,8,4636
3,4,1,8,10,10,9,1,29,10,4639
1,3,4,13,10,10,10,5,6,4,5259
4,2,4,5,12,12,10,4,68,1,4683
4,4,3,11,9,9,7,1,39,7,5029
5,5,5,13,10,10,5,2,39,5,3789
1,4,1,12,10,10,7,3,34,3,4556
1,3,1,15,5,5,10,3,60,10,4983
5,4,1,7,7,7,5,3,3,10,5220
1,3,4,12,8,8,7,2,57,2,4794
4,3,1,15,5,5,8,1,30,5,4648
2,4,5,9,9,9,6,5,57,10,4982
5,3,4,7,8,8,9,5,1,4,5272
3,1,1,5,14,14,9,3,51,6,5113
2,4,2,9,7,7,10,4,68,9,5014
4,4,3,6,15,15,5,5,38,3,5408
2,1,2,15,11,11,10,1,79,6,5286
2,5,4,5,10,10,7,3,16,8,5890
2,5,1,7,14,14,7,5,70,2,5356
4,4,4,8,12,12,10,5,7,8,5131
2,3,2,10,5,5,6,4,92,5,5498
3,2,1,6,11,11,8,5,52,10,5416
4,3,4,13,11,11,8,2,8,6,6086
3,4,1,12,11,11,5,5,39,6,5595
4,1,2,13,8,8,5,2,71,8,5767
4,3,3,15,12,12,8,5,4,8,5765
1,3,2,12,13,13,5,4,52,1,5650
4,1,2,11,6,6,8,5,84,10,5727
2,1,4,14,9,9,9,2,26,6,5471
4,4,3,8,6,6,5,1,8,2,5381
3,2,2,9,6,6,8,4,18,5,6404
1,1,3,11,9,9,6,4,80,8,6110
5,1,2,5,5,5,10,2,80,2,5875
3,3,4,9,13,13,10,5,85,4,6525
2,2,1,11,10,10,7,5,60,5,8288
2,4,3,15,15,15,6,3,46,8,7612
2,1,2,10,8,8,7,5,14,4,6255
1,4,1,14,7,7,5,4,31,10,5787
5,1,3,12,15,15,10,5,20,10,5872
2,5,3,5,8,8,10,2,48,4,3614
3,3,5,15,13,13,9,1,57,10,5924
5,4,2,8,11,11,10,2,14,9,6097
5,5,4,12,6,6,8,1,21,2,5981
1,5,1,5,11,11,8,3,54,10,5182
5,5,2,15,9,9,7,4,73,8,6547
4,5,3,9,11,11,5,5,21,6,5839
1,3,2,11,8,8,5,3,39,3,6568
3,5,2,8,9,9,8,2,11,9,7055
1,1,4,15,11,11,10,2,73,6,5851
3,1,1,15,7,7,5,1,20,8,6928
2,2,1,8,11,11,8,4,85,4,5833
4,5,4,8,7,7,9,1,85,1,5589
3,4,3,9,8,8,9,2,74,2,5901
1,2,3,10,14,14,8,1,22,7,5468
5,1,5,14,9,9,7,3,68,4,6789
3,5,1,8,7,7,7,3,38,9,6037
1,5,2,8,8,8,6,3,15,2,6576
2,3,4,14,13,13,6,4,33,7,5989
5,2,1,13,6,6,7,4,68,1,6154
2,2,4,10,13,13,9,4,30,1,5925
3,3,4,15,13,13,7,3,32,3,3906
3,3,1,13,6,6,9,3,10,1,5896
3,4,5,10,5,5,5,2,94,10,5647
2,2,4,11,10,10,5,4,8,9,5141
3,1,4,11,11,11,10,3,61,7,7009
5,3,2,6,10,10,10,5,29,2,6077
4,4,5,8,7,7,5,5,35,8,6760
4,2,5,13,15,15,6,2,62,1,3203
5,1,3,15,14,14,7,1,24,10,5790
1,4,3,12,6,6,5,2,5,10,2873
1,4,1,8,11,11,7,2,37,1,3912
4,5,5,6,10,10,8,4,81,6,3112
2,3,4,10,14,14,6,4,28,2,4133
4,1,5,6,12,12,5,3,56,5,5470
3,4,1,14,6,6,6,3,65,5,5002
1,2,3,12,5,5,9,2,81,8,6336
2,5,4,14,5,5,9,1,84,2,4944
2,3,3,12,7,7,10,4,32,1,5626
2,5,1,12,13,13,6,2,33,5,4479
3,1,4,8,7,7,5,3,9,10,5771
4,1,1,12,14,14,7,1,12,8,6007
2,1,3,10,9,9,8,5,72,5,6533
2,1,2,8,7,7,10,3,40,7,5442
4,2,1,13,12,12,8,4,7,4,3697
3,4,4,14,15,15,7,3,86,5,6818
4,2,5,13,15,15,7,3,58,4,4456
4,5,5,5,5,5,9,2,49,4,6030
3,1,1,5,13,13,6,3,15,4,5596
5,5,4,8,6,6,10,2,38,7,3955
4,3,1,11,10,10,7,5,74,6,5173
4,5,5,13,10,10,5,4,58,10,3796
5,2,1,5,9,9,7,3,28,10,6353
3,3,1,12,15,15,10,4,50,4,3264
5,4,1,13,5,5,9,3,25,5,3250
3,2,3,6,8,8,10,1,17,6,4736
3,4,2,8,8,8,10,4,78,10,3893
5,1,1,12,8,8,10,2,0,4,5171
5,5,3,7,7,7,8,5,29,3,3885
3,5,4,14,14,14,5,5,94,9,5129
3,5,1,15,13,13,6,4,74,4,3424
3,2,4,8,6,6,8,3,14,9,4290
4,5,4,8,5,5,8,4,75,10,4300
5,1,2,7,15,15,8,3,56,10,4537
3,1,2,15,9,9,7,5,80,10,4788
5,4,1,9,5,5,10,2,3,10,5274
1,4,5,5,10,10,6,4,74,6,3442
1,3,4,8,9,9,8,5,33,7,4829
3,1,1,10,11,11,10,5,90,9,5375
2,1,2,14,10,10,6,3,45,10,5722
1,4,4,13,11,11,8,1,17,8,5400
5,5,2,9,9,9,6,1,87,9,482
2,1,5,10,14,14,6,4,60,5,2067
2,3,1,12,9,9,5,4,50,1,1998
2,2,2,10,7,7,8,2,46,10,1972
5,5,1,9,6,6,8,4,69,5,2340
3,1,2,9,13,13,5,1,98,8,3164
3,3,4,13,13,13,7,5,15,4,2269
1,1,2,12,13,13,8,2,97,1,4158
3,1,3,14,7,7,5,4,85,3,4682
4,1,2,6,7,7,5,5,71,10,4766
4,3,5,14,14,14,6,1,43,10,2492
1,3,2,14,5,5,5,4,44,1,2228
4,3,3,13,11,11,7,1,55,6,2621
5,4,2,13,6,6,8,1,54,9,4151
2,1,5,8,15,15,7,1,35,5,1424
4,1,5,15,5,5,5,5,7,6,3604
5,2,1,13,12,12,10,1,61,3,2178
5,4,4,11,8,8,9,5,51,6,3474
4,2,5,11,12,12,10,3,46,8,2843
2,3,3,8,12,12,10,5,99,7,2987
4,3,4,15,7,7,9,1,91,6,3048
2,5,5,12,12,12,10,5,96,7,3100
4,1,1,11,12,12,7,5,32,9,5056
3,5,3,6,11,11,8,1,7,4,2807
5,1,3,12,14,14,6,3,13,8,2528
1,5,5,5,6,6,7,4,1,5,2363
5,2,5,9,6,6,5,1,24,6,2393
4,5,3,9,11,11,8,1,58,10,2255
1,5,5,9,8,8,8,4,82,1,3751
3,1,3,14,7,7,7,1,59,6,3276
1,4,4,8,14,14,5,5,85,6,2807
1,2,1,10,6,6,10,2,1,3,5164
5,3,4,5,11,11,8,3,37,8,4221
4,2,4,6,5,5,7,5,77,6,2745
1,2,1,7,8,8,6,5,27,10,4383
4,1,2,8,9,9,8,5,17,7,4296
1,4,3,14,9,9,5,2,58,7,4421
4,1,2,8,9,9,8,1,33,8,4576
1,4,5,6,10,10,6,2,13,5,4202
5,1,5,12,13,13,9,3,58,1,4528
4,2,4,6,10,10,5,1,1,10,4628
5,3,2,13,5,5,10,3,51,8,4938
4,5,1,14,9,9,9,3,10,4,4426
2,2,5,11,9,9,7,2,86,10,3840
5,4,4,14,13,13,8,2,6,6,3073
5,3,3,7,12,12,7,5,46,4,5502
4,4,5,7,8,8,5,4,90,4,5123
4,4,4,15,13,13,9,2,75,6,3470
2,5,1,6,11,11,8,3,30,8,3341
3,2,2,13,7,7,5,5,41,1,4773
2,1,3,10,14,14,10,3,58,3,4684
3,1,4,9,10,10,9,4,24,8,4713
4,5,2,14,5,5,8,2,70,2,4718
5,3,2,10,8,8,10,1,32,4,1362
5,1,2,6,11,11,7,5,19,2,3654
2,1,3,15,6,6,9,2,15,1,3513
5,1,4,14,10,10,9,3,68,8,3347
1,2,5,14,14,14,10,3,80,6,4382
2,3,4,6,14,14,7,5,23,9,3299
2,5,1,15,5,5,10,2,24,10,2775
1,2,1,8,10,10,10,1,99,10,2494
3,2,4,9,8,8,6,2,61,6,3906
4,5,2,12,9,9,10,5,56,5,3912
5,5,5,11,10,10,6,3,98,9,3962
4,2,1,8,7,7,5,2,34,10,3373
1,4,3,11,13,13,7,5,4,3,4865
5,3,5,13,10,10,6,5,79,6,3878
2,3,4,12,5,5,8,5,93,1,3620
5,5,4,7,9,9,9,3,58,10,3903
1,2,1,15,15,15,9,4,62,8,5208
2,1,5,5,13,13,10,5,100,10,5657
4,1,3,14,15,15,6,3,72,9,6081
5,1,1,10,11,11,5,2,95,2,5096
4,2,5,12,10,10,8,3,11,5,4566
3,2,2,7,11,11,6,5,46,3,5510
4,5,4,5,8,8,7,5,19,4,4971
5,4,4,9,6,6,10,5,64,9,3611
2,2,2,5,9,9,6,4,72,9,5125
2,4,2,10,8,8,6,1,60,2,3342
1,2,3,15,7,7,9,2,82,10,4288
3,5,2,5,6,6,7,4,85,8,4194
4,4,5,9,15,15,9,5,82,5,4939
2,5,3,7,13,13,7,5,52,10,4773
2,1,2,7,8,8,9,5,77,6,6235
1,3,1,10,7,7,5,4,60,10,4741
5,5,2,15,5,5,7,1,70,10,3291
5,4,1,15,8,8,10,1,86,1,5089
4,4,1,6,15,15,7,4,35,8,4861
3,5,2,11,8,8,10,5,32,2,2132
4,1,2,13,11,11,6,2,24,4,3442
1,1,3,14,7,7,5,3,62,7,2390
2,2,1,6,8,8,7,1,6,4,1999
2,3,4,10,6,6,8,5,62,2,829
2,1,3,11,7,7,8,3,46,7,5011
1,3,3,6,8,8,6,1,9,4,2159
1,2,3,13,12,12,8,4,31,10,4944
4,2,5,9,14,14,7,2,73,4,3250
4,1,2,14,11,11,10,5,24,10,6068
5,4,4,9,15,15,6,3,46,3,3293
4,2,3,8,5,5,10,4,50,6,4379
1,1,2,7,15,15,8,2,88,3,4560
4,4,1,7,15,15,7,3,79,3,5270
5,4,1,8,15,15,7,4,76,3,4198
2,4,2,5,7,7,9,5,97,1,5546
2,3,5,12,11,11,9,1,11,8,4697
1,3,4,14,6,6,5,2,67,1,4768
5,3,3,14,7,7,6,5,27,10,4748
5,5,3,12,12,12,10,3,57,7,4635
2,4,4,11,14,14,6,2,13,7,3575
3,4,4,7,13,13,6,2,69,9,3628
2,3,3,9,13,13,5,4,39,5,5650
1,5,2,8,13,13,6,3,71,10,4575
3,3,1,10,13,13,10,5,90,8,5381
4,2,5,6,13,13,9,3,66,7,5668
2,1,3,15,15,15,10,2,12,1,4968
1,5,1,9,12,12,10,1,50,8,3374
3,2,4,9,12,12,8,4,22,4,5265
2,2,4,14,10,10,9,3,94,9,5223
5,1,3,12,15,15,7,1,17,3,4641
3,3,3,12,14,14,8,2,35,2,4406
5,3,5,7,9,9,7,4,57,5,3627
1,4,5,8,9,9,6,3,43,1,4074
2,1,4,12,5,5,5,4,94,5,5090
3,1,3,13,12,12,6,1,89,2,6163
2,5,1,12,15,15,8,1,96,9,4997
4,4,3,12,12,12,9,2,15,6,3630
2,2,2,7,12,12,10,3,82,8,5152
3,5,4,12,9,9,5,5,90,7,5315
1,3,4,7,5,5,10,1,99,1,5094
1,4,4,12,9,9,5,2,100,2,4958
3,5,5,12,11,11,10,3,12,8,5342
2,5,2,8,10,10,10,5,17,6,1146
4,1,3,12,11,11,5,2,85,5,3680
2,1,1,5,13,13,6,3,22,4,1496
5,4,1,8,8,8,7,4,80,7,1828
2,1,1,12,9,9,8,1,73,9,3088
5,3,3,5,11,11,5,3,34,3,2843
1,3,2,13,6,6,6,2,70,1,5070
2,3,2,10,9,9,8,1,48,4,3655
1,1,2,14,7,7,8,5,48,7,5302
4,4,1,12,9,9,9,5,71,1,5664
3,2,1,9,15,15,9,4,96,6,5953
3,3,5,12,6,6,6,2,60,4,2208
4,3,2,13,11,11,9,5,42,3,3686
3,5,2,11,6,6,5,5,17,8,3750
4,1,3,7,12,12,7,4,27,7,3786
3,5,1,14,5,5,9,2,47,10,4438
2,2,3,9,7,7,6,2,33,7,4505
2,3,5,15,11,11,9,5,32,4,4624
5,2,4,13,7,7,9,1,31,2,4547
5,2,1,14,6,6,9,3,22,10,4980
2,1,1,14,11,11,10,1,32,1,6128
3,3,1,9,9,9,5,2,61,8,731
1,1,2,15,5,5,7,3,71,5,4802
5,2,4,6,15,15,10,4,90,9,3869
4,5,4,12,6,6,8,4,63,1,4038
5,1,5,14,15,15,10,4,52,8,4990
4,2,1,8,8,8,5,5,92,7,4657
5,4,3,13,13,13,6,3,13,1,6342
3,1,4,6,7,7,5,3,54,8,4453
3,1,1,15,7,7,9,1,95,6,6336
3,3,2,9,5,5,8,4,16,7,3867
3,1,1,11,5,5,8,3,37,4,5242
5,4,2,11,12,12,6,2,14,9,4177
1,4,2,5,13,13,8,5,62,5,6218
4,4,1,15,7,7,7,3,67,2,6201
3,2,4,9,11,11,8,4,79,1,5118
3,3,1,10,10,10,9,2,30,10,5337
2,1,3,9,13,13,7,1,46,1,5092
4,3,1,15,6,6,5,3,14,9,4644
2,2,2,15,7,7,8,3,80,5,5229
5,4,3,15,6,6,9,1,48,10,5750
2,5,5,14,9,9,5,3,38,6,3676
1,2,3,9,12,12,7,3,76,8,5589
5,3,3,7,10,10,7,3,9,2,5549
2,3,2,15,5,5,10,3,66,6,5256
1,2,1,15,6,6,9,5,77,7,5448
2,1,1,9,10,10,10,3,82,1,5157
5,3,2,7,14,14,5,5,64,3,5787
1,1,4,11,11,11,8,1,57,6,5374
5,5,1,12,8,8,10,3,44,7,4028
5,3,2,7,12,12,7,4,41,6,3727
4,2,3,15,10,10,6,1,56,3,5097
3,5,1,6,6,6,5,2,66,4,5543
5,5,4,8,9,9,6,4,6,9,1059
5,1,1,9,14,14,10,2,40,5,4229
5,1,3,11,7,7,6,1,5,7,3132
4,1,2,14,12,12,5,3,19,7,4199
2,5,1,14,14,14,7,1,85,8,5164
5,5,2,9,7,7,5,1,18,6,3089
3,3,1,11,13,13,5,2,5,2,3061
2,3,5,15,11,11,10,5,2,2,3836
4,4,5,5,15,15,7,4,21,7,5013
1,1,1,7,13,13,5,1,2,5,5074
4,2,3,8,9,9,7,4,86,10,5665
5,4,1,13,12,12,10,5,5,10,4833
1,1,2,12,5,5,8,5,90,6,2507
2,1,1,12,11,11,10,5,66,4,3985
1,5,2,8,9,9,6,1,8,6,6789
4,3,1,7,11,11,5,4,24,4,3060
3,4,2,6,8,8,5,2,13,5,3398
3,2,5,8,14,14,5,3,19,5,4336
4,2,1,6,8,8,9,1,57,5,5035
3,2,4,5,15,15,10,3,96,8,4332
4,1,5,12,6,6,5,5,80,8,5798
3,5,1,8,9,9,7,4,93,2,3899
2,4,1,6,14,14,8,4,84,1,5041
5,1,3,9,14,14,8,1,57,3,4069
2,4,4,13,15,15,7,4,80,1,1113
4,3,3,13,8,8,9,5,53,2,3133
4,3,5,12,10,10,8,3,89,10,4279
1,3,1,6,6,6,6,4,73,6,5746
2,4,1,10,9,9,6,4,97,3,5666
3,2,5,9,9,9,9,5,53,6,4761
2,1,3,13,15,15,10,2,98,7,4946
1,4,2,6,13,13,10,2,32,3,4820
3,5,4,8,15,15,8,4,30,7,5132
5,4,1,12,11,11,6,1,29,6,3261
5,5,2,8,5,5,6,4,19,8,5249
5,2,4,8,6,6,8,1,24,10,5530
4,3,2,8,5,5,5,1,39,9,4275
5,3,4,15,6,6,9,5,90,5,4036
5,4,2,11,9,9,8,2,88,4,3614
2,3,2,14,9,9,7,4,89,10,5452
3,4,2,5,13,13,6,5,28,10,5284
4,3,4,12,9,9,8,1,70,4,4721
2,4,5,13,13,13,9,5,43,5,4637
2,5,2,12,11,11,8,3,58,6,4209
2,2,2,7,14,14,5,5,16,9,4376
5,1,3,14,12,12,5,2,99,10,5005
4,4,3,10,14,14,8,2,50,1,4069
4,1,1,7,8,8,7,3,53,3,5176
4,1,5,14,5,5,9,3,43,4,5554
3,1,1,11,8,8,5,2,80,1,5295
1,3,2,15,15,15,8,5,7,7,3367
3,3,1,8,14,14,7,4,2,8,5136
5,1,4,7,10,10,10,2,88,10,5110
5,3,4,11,6,6,5,4,58,3,4937
2,5,4,13,7,7,10,4,66,2,5260
5,2,5,5,14,14,5,4,11,8,5630
3,5,1,9,8,8,9,3,11,9,4227
5,1,4,12,12,12,7,3,51,10,5146
1,3,3,10,11,11,6,3,8,9,5166
3,3,2,11,5,5,9,1,28,9,4712
4,4,2,11,6,6,6,2,82,4,5145
3,5,3,7,8,8,6,2,22,1,5897
2,4,3,15,6,6,9,4,18,8,5171
4,4,4,6,5,5,5,3,42,7,5572
3,4,3,11,7,7,10,4,49,2,4689
1,2,1,10,15,15,10,5,14,5,5045
4,2,1,6,9,9,6,4,76,9,4784
2,2,3,15,15,15,6,5,93,8,5171
4,2,1,12,11,11,7,1,79,9,5794
1,2,1,13,10,10,6,4,35,6,5428
1,5,4,14,9,9,7,2,65,7,6083
4,3,4,12,6,6,10,3,100,6,5266
4,2,5,5,12,12,10,5,22,9,6424
5,4,2,5,9,9,5,4,41,7,4343
2,5,1,7,7,7,5,3,66,1,5910
2,5,2,6,8,8,8,3,65,6,1400
3,1,3,12,12,12,6,3,77,3,2948
3,3,3,13,10,10,8,2,34,8,3878
3,4,5,15,6,6,9,3,33,1,1147
3,4,3,6,10,10,7,5,18,4,3195
2,2,3,7,9,9,10,3,14,5,4619
1,2,5,9,11,11,8,4,31,8,4158
4,4,2,10,5,5,9,4,24,5,3846
4,2,5,13,12,12,10,2,60,6,4921
1,2,4,7,13,13,10,3,16,1,4752
5,4,4,7,9,9,7,4,11,7,5153
5,3,2,15,5,5,9,4,60,10,3950
2,3,5,6,13,13,9,4,68,10,3117
4,1,2,7,5,5,6,1,88,6,3144
4,4,3,15,13,13,8,1,38,5,4374
4,5,4,12,9,9,6,1,57,2,3354
3,5,2,7,10,10,9,4,41,2,5036
2,1,1,8,12,12,9,3,27,1,5205
1,3,2,14,6,6,8,1,8,4,5218
2,4,1,10,13,13,9,3,77,3,5038
4,3,3,9,10,10,5,5,56,4,5475
1,5,2,13,7,7,8,1,63,6,5448
3,1,3,7,15,15,6,1,50,10,5461
5,5,2,9,15,15,10,3,21,10,4097
2,2,5,15,10,10,10,5,50,1,5598
2,4,4,10,12,12,6,2,1,1,5510
2,4,5,13,6,6,5,5,89,3,3653
4,4,4,7,12,12,6,4,92,9,5216
4,4,5,13,6,6,9,1,31,10,4081
4,3,3,7,8,8,8,1,55,10,5767
5,2,3,9,9,9,9,3,76,3,5700
3,4,2,5,5,5,7,4,40,2,5594
5,5,2,14,6,6,5,3,63,7,5787
5,5,5,11,7,7,7,5,100,5,4511
4,4,2,13,12,12,9,3,76,3,5654
5,2,5,6,12,12,7,3,35,6,5390
5,4,2,12,8,8,10,2,74,5,6015
2,4,1,8,9,9,8,3,5,6,5491
3,5,3,6,10,10,10,3,30,3,783
2,5,3,5,7,7,7,5,85,5,2073
1,4,5,11,11,11,10,2,43,3,3469
5,3,4,7,9,9,6,3,69,5,6341
5,1,3,10,14,14,7,3,87,8,4774
2,2,1,8,15,15,8,1,42,7,5104
4,5,3,6,14,14,7,4,64,5,5936
4,3,1,7,12,12,5,1,9,1,4812
2,4,1,11,8,8,7,3,29,7,6621
3,5,3,5,8,8,6,5,44,7,5167
4,2,5,8,13,13,9,3,75,2,3966
4,3,1,12,7,7,9,2,93,2,5314
1,1,5,11,15,15,6,2,61,5,5921
1,4,3,5,10,10,6,3,81,9,3623
1,4,3,10,10,10,8,5,19,9,6014
3,4,3,14,10,10,10,1,5,5,5794
4,3,1,13,13,13,5,1,46,5,5453
1,2,5,6,13,13,8,4,78,10,4295
2,2,5,14,14,14,10,5,45,6,1188
4,5,4,13,5,5,5,4,61,10,5366
1,4,4,6,5,5,10,4,19,1,5084
4,2,4,6,7,7,10,3,9,9,4409
1,3,2,13,5,5,6,3,10,10,5418
4,2,5,5,7,7,8,3,64,5,5195
2,3,1,9,5,5,8,1,41,4,4954
5,1,3,10,10,10,9,5,81,8,4812
3,2,4,13,11,11,5,5,45,3,4492
4,4,4,14,9,9,8,3,73,2,6355
2,2,3,7,7,7,7,4,48,7,4772
5,1,2,15,5,5,5,3,34,4,6765
4,2,2,13,8,8,8,3,10,8,4305
5,2,4,15,13,13,9,4,5,3,6369
2,3,1,7,5,5,7,4,51,10,6890
3,5,4,7,7,7,8,1,35,7,5478
2,4,4,7,14,14,8,5,56,1,6609
2,4,4,15,9,9,9,1,77,4,6581
5,1,5,13,12,12,5,2,9,2,5639
3,4,3,5,6,6,6,5,68,8,1504
2,3,1,5,9,9,8,3,30,9,4616
4,5,3,7,8,8,9,1,36,5,2616
2,4,5,7,11,11,9,4,25,2,2749
2,5,1,12,12,12,6,3,80,6,5003
5,1,3,6,12,12,7,1,96,9,4731
5,1,5,6,13,13,8,5,12,6,4652
4,1,1,10,15,15,8,2,25,8,4966
2,3,5,13,10,10,8,1,21,2,5694
2,4,4,15,14,14,10,1,91,7,6687
4,1,1,8,11,11,8,1,53,2,6190
4,3,1,6,15,15,8,3,97,4,4896
5,3,4,15,15,15,8,5,57,6,5759
1,4,2,12,8,8,9,4,15,5,463
3,1,3,5,11,11,5,3,88,5,3716
3,5,5,11,14,14,10,5,68,10,4246
5,2,3,5,9,9,6,5,31,9,4401
1,2,3,6,11,11,8,2,54,9,3290
4,1,4,9,12,12,9,2,54,3,3901
3,3,4,9,9,9,10,4,19,8,1647
2,2,2,10,8,8,6,4,27,6,4249
3,3,5,14,11,11,7,4,62,2,2948
3,1,2,5,9,9,5,5,72,3,4702
2,2,5,14,5,5,5,4,22,1,5753
5,3,1,12,7,7,8,3,75,3,2683
5,3,4,6,14,14,10,4,97,1,3686
2,4,1,8,12,12,5,2,93,10,3016
5,1,2,8,10,10,7,3,73,3,5699
1,4,3,8,8,8,7,1,89,4,7023
1,3,5,15,12,12,6,3,34,2,6781
2,5,2,12,15,15,8,4,64,1,3784
5,4,3,12,12,12,7,2,13,8,4168
2,1,4,10,11,11,8,4,46,6,5063
2,3,5,5,11,11,7,5,1,8,4621
5,5,3,10,12,12,9,3,10,2,3792
4,2,5,5,7,7,9,4,61,1,4264
1,2,5,10,12,12,8,1,90,2,5493
1,1,3,9,5,5,5,3,71,1,5672
1,4,2,8,15,15,10,1,90,8,5671
2,2,3,13,10,10,8,5,96,2,4685
5,3,4,12,9,9,10,1,70,4,5384
1,4,2,8,12,12,9,3,35,3,3937
4,1,4,15,6,6,8,5,47,7,5968
4,3,1,12,11,11,7,1,92,8,5916
4,5,5,5,15,15,7,1,30,4,6070
5,2,5,13,7,7,9,1,43,3,6166
5,3,2,15,11,11,10,1,38,2,3871
2,1,3,7,14,14,6,4,90,7,5406
4,4,1,7,10,10,10,2,36,6,5396
2,5,3,9,9,9,10,5,99,7,6181
3,4,1,10,12,12,6,3,27,9,4030
3,1,1,10,9,9,9,4,92,10,6468
2,4,3,13,11,11,8,4,13,4,4461
4,3,5,15,14,14,7,2,34,1,6154
4,2,2,15,13,13,10,2,99,1,5979
2,2,2,12,10,10,6,5,68,10,6371
2,2,2,9,15,15,6,4,100,8,5668
4,2,2,12,9,9,5,3,39,3,5413
3,4,3,6,11,11,8,5,6,5,5842
1,2,5,10,8,8,6,2,36,4,5428
3,5,1,15,13,13,8,4,33,3,5668
5,4,1,10,8,8,10,4,68,7,5043
1,1,1,9,13,13,8,5,28,6,5338
3,3,2,8,6,6,8,5,82,3,4423
5,1,3,9,13,13,5,5,33,6,5772
3,1,3,13,7,7,10,1,39,9,5702
3,4,4,9,11,11,6,3,76,6,5825
5,5,1,14,12,12,6,5,18,2,4838
5,2,1,13,11,11,7,3,54,9,5885
3,5,1,7,10,10,9,4,64,10,4672
5,3,2,12,15,15,8,1,63,1,4796
1,3,1,14,12,12,6,1,28,7,5492
4,1,4,10,15,15,10,3,1,6,5555
2,3,3,8,10,10,6,4,83,3,6825
2,5,1,11,12,12,8,5,75,2,6906
1,3,5,7,5,5,7,3,52,4,6341
4,4,4,11,8,8,5,2,3,7,5345
4,4,5,11,11,11,8,4,69,10,6182
1,2,2,6,5,5,9,4,95,3,3977
5,1,2,11,11,11,6,3,45,3,5364
3,1,5,12,13,13,10,1,94,3,5918
3,4,1,7,6,6,10,3,51,7,3366
1,1,1,7,10,10,6,2,31,9,5130
3,2,5,11,5,5,9,3,25,6,5755
5,1,3,5,10,10,6,4,10,10,5650
4,1,4,9,6,6,7,3,27,5,5593
4,3,2,7,14,14,8,1,8,7,5400
1,2,2,6,13,13,8,3,99,10,5469
2,1,5,9,11,11,5,3,89,1,5466
5,4,5,6,11,11,9,3,100,1,4360
4,3,2,6,12,12,10,3,65,5,6103
1,2,5,14,11,11,10,1,14,5,5674
3,4,4,13,6,6,5,1,62,1,6003
4,4,5,14,15,15,7,4,6,6,5959
2,1,3,5,14,14,5,3,24,2,5362
1,4,2,7,5,5,10,4,19,4,5129
2,3,2,10,9,9,9,4,77,4,4764
4,3,5,11,8,8,5,3,69,2,4017
2,1,3,9,9,9,7,1,96,2,5035
3,3,5,5,5,5,5,3,8,10,5375
4,5,5,14,7,7,6,4,77,8,4016
3,2,3,13,8,8,6,5,5,5,5246
5,2,4,8,9,9,5,3,7,8,4996
1,5,3,10,15,15,9,3,93,10,5115
4,2,2,8,13,13,9,1,50,10,4814
3,1,3,8,6,6,9,1,18,9,4755
1,4,1,15,8,8,8,1,67,9,5191
1,5,3,5,6,6,6,4,51,10,4813
2,2,5,8,8,8,5,4,46,2,5179
5,1,3,14,15,15,6,5,76,5,5504
1,1,2,11,10,10,6,2,60,5,5520
4,3,4,6,5,5,5,1,34,8,5597
4,3,5,6,14,14,7,1,72,8,4551
2,1,5,5,5,5,6,5,67,6,5726
4,3,4,13,11,11,7,2,50,10,5712
2,3,3,5,10,10,10,4,6,5,6678
5,5,3,7,8,8,8,2,14,2,6131
5,3,4,6,10,10,5,4,40,3,6393
3,3,3,9,8,8,6,2,96,8,6922
3,1,4,6,12,12,6,4,82,8,6700
5,5,4,10,5,5,5,1,17,6,7250
1,5,2,14,9,9,6,1,52,4,7896
3,4,4,13,11,11,10,3,12,8,6555
4,2,4,15,8,8,8,5,77,2,5752
1,3,2,5,10,10,5,5,20,9,5956
2,2,4,11,13,13,5,1,65,2,5810
3,2,2,6,5,5,10,1,100,1,6052
3,2,3,9,12,12,5,5,6,2,5740
2,3,4,10,15,15,5,2,23,9,5725
2,4,2,9,6,6,9,3,93,5,4374
5,3,2,7,8,8,8,1,67,1,6220
2,5,2,5,5,5,6,5,10,2,5855
5,4,4,8,7,7,10,1,48,10,6384
5,1,3,14,10,10,7,4,3,4,6823
5,4,4,6,10,10,10,3,38,4,6285
2,1,1,13,12,12,7,1,71,5,6116
1,2,4,13,8,8,5,4,49,8,4500
3,1,3,5,14,14,6,2,41,4,7203
5,1,5,6,12,12,6,5,73,2,7134
5,2,3,14,10,10,6,3,24,8,5838
4,4,1,6,9,9,9,5,0,2,5710
3,3,2,5,13,13,8,5,88,4,5279
4,5,2,12,8,8,8,4,10,10,5582
1,1,4,10,11,11,9,1,73,9,6014
1,1,2,9,6,6,9,1,7,9,5337
5,5,3,10,14,14,10,2,97,8,5522
5,2,1,13,5,5,6,5,62,6,5309
3,3,5,11,9,9,5,2,98,9,5872
1,5,2,13,13,13,5,4,63,3,5347
4,4,4,8,14,14,5,5,53,1,5502
1,3,2,9,9,9,5,2,45,5,5870
5,2,1,12,6,6,7,1,27,7,6097
3,3,3,7,15,15,6,4,79,7,6348
5,3,2,13,8,8,5,3,5,2,5738
1,2,5,9,13,13,8,2,12,10,6665
3,3,2,14,9,9,5,1,17,10,6152
5,2,2,11,13,13,7,3,45,8,6356
1,3,5,6,10,10,9,5,86,3,6515
1,2,1,14,6,6,7,3,88,1,6676
3,3,3,12,13,13,6,5,49,7,5884
2,3,3,15,12,12,10,2,48,3,6038
3,1,2,5,10,10,6,2,64,8,6819
1,5,4,15,14,14,5,3,33,5,5924
5,3,3,5,11,11,9,3,11,2,5546
4,1,2,10,14,14,5,3,28,9,6552
5,2,3,12,14,14,6,5,78,3,5068
1,1,3,13,7,7,8,1,34,10,5862
2,3,3,11,8,8,10,2,80,10,537
5,2,3,7,12,12,9,4,38,9,3032
2,3,4,8,7,7,9,5,42,5,3867
5,4,1,14,8,8,5,1,62,4,3589
3,3,2,11,10,10,8,2,99,3,2722
5,5,3,14,7,7,5,1,7,4,2608
5,2,2,12,14,14,5,5,11,7,4501
5,2,2,5,12,12,9,3,34,7,4948
1,5,4,13,14,14,8,4,53,7,4415
4,5,4,6,5,5,7,5,41,5,5767
2,1,5,12,5,5,9,3,15,8,5230
1,5,2,14,7,7,9,4,18,4,4891
4,1,2,6,7,7,5,1,37,5,4336
4,5,5,14,6,6,9,2,80,3,3569
3,1,2,10,8,8,10,2,90,8,5140
1,2,5,15,11,11,8,2,64,8,5821
3,3,5,12,5,5,10,1,73,6,4814
2,1,2,14,12,12,10,2,24,10,1109
3,4,5,9,5,5,10,4,77,4,2536
3,3,4,15,8,8,6,2,12,6,3214
2,4,5,11,13,13,9,3,83,10,3367
3,2,1,7,5,5,7,4,20,5,5630
2,2,2,5,13,13,10,2,72,3,3800
2,3,5,7,8,8,6,3,64,2,4932
3,5,2,8,14,14,8,4,13,7,1116
5,4,2,12,6,6,8,5,93,2,5420
5,5,1,8,14,14,9,2,57,1,5773
2,1,5,7,7,7,6,4,91,4,6047
1,5,1,8,8,8,9,2,7,7,2460
5,1,5,7,5,5,6,5,46,3,4716
5,2,2,10,11,11,9,3,30,8,2485
5,3,1,13,12,12,10,2,41,9,3761
1,2,5,14,7,7,9,2,51,10,5048
4,3,4,11,15,15,8,2,49,4,4853
1,4,1,12,11,11,10,1,9,5,6592
1,2,5,7,7,7,6,4,62,2,7673
1,1,5,9,6,6,5,1,79,4,8573
5,3,5,13,9,9,6,3,81,3,6838
4,4,1,10,8,8,8,1,87,9,5349
2,5,4,15,13,13,10,2,53,1,6118
1,5,5,7,5,5,10,4,5,8,5676
4,2,3,5,8,8,5,4,93,3,5509
4,4,1,5,5,5,8,1,20,9,4440
1,2,4,14,7,7,7,5,90,9,6620
5,3,4,12,15,15,10,4,60,9,1973
2,1,1,6,11,11,8,5,90,3,5600
2,5,2,6,5,5,8,1,52,2,5001
5,2,1,11,6,6,8,5,31,7,4086
5,3,3,10,10,10,5,5,39,5,5996
4,1,2,8,14,14,10,5,47,5,7220
3,5,3,12,5,5,9,3,60,2,4919
4,1,5,12,8,8,10,1,82,2,7578
1,5,2,6,11,11,7,2,24,9,4603
2,5,5,5,7,7,9,1,72,8,4872
4,2,2,7,15,15,7,4,99,8,5394
4,4,4,12,10,10,9,2,73,4,5380
4,1,4,14,11,11,10,1,19,1,5092
3,2,4,8,5,5,5,2,11,7,5019
1,2,1,12,5,5,6,2,14,5,4871
2,3,2,5,14,14,6,5,81,8,4966
1,2,4,8,13,13,5,2,14,5,4607
1,1,5,12,8,8,8,3,69,10,5400
3,2,3,15,6,6,9,3,86,6,4515
1,1,5,13,15,15,7,5,81,10,5630
2,3,2,6,12,12,5,5,63,3,3382
1,3,2,5,13,13,6,2,40,10,4858
1,1,5,9,15,15,8,4,64,2,7553
4,1,4,9,6,6,9,3,0,3,6528
4,4,4,6,13,13,5,5,85,6,6593
4,3,2,13,8,8,7,2,94,10,5592
1,4,1,10,6,6,10,3,67,8,5357
2,2,2,11,13,13,9,3,42,5,5848
5,2,4,10,12,12,6,5,1,2,4941
2,5,2,9,6,6,7,3,42,2,4507
3,1,4,8,14,14,6,1,81,3,4187
2,1,1,9,15,15,8,3,23,1,7378
3,2,1,15,13,13,8,2,79,6,6380
4,3,5,9,13,13,8,2,22,1,6278
3,1,3,8,11,11,6,5,18,9,5412
2,3,3,6,13,13,8,3,23,9,5679
5,5,4,7,6,6,6,4,80,8,6362
2,3,3,12,15,15,7,4,28,9,5714
5,2,1,5,7,7,9,1,52,4,4673
5,2,2,8,13,13,6,4,74,1,4986
4,5,1,7,8,8,7,4,72,3,4836
2,4,1,10,15,15,10,1,99,5,7116
3,3,5,6,7,7,7,1,82,2,5644
4,1,5,11,14,14,8,4,34,6,5612
4,5,3,12,9,9,7,3,51,10,5113
3,3,4,13,14,14,9,1,13,4,7905
5,1,4,8,10,10,6,4,98,9,4677
1,5,2,8,15,15,10,2,1,1,4930
4,2,5,8,13,13,5,1,58,1,6616
3,3,5,7,6,6,10,3,27,8,7874
1,1,4,11,12,12,6,5,2,3,6911
3,2,3,14,15,15,5,3,25,3,6658
1,3,1,13,5,5,8,4,14,2,6366
3,4,2,9,13,13,10,4,76,4,8311
1,5,3,6,9,9,7,4,80,3,7841
5,4,1,13,13,13,7,4,74,3,6034
1,4,4,10,11,11,10,4,14,8,6695
3,5,2,15,9,9,6,1,73,3,6276
1,5,3,8,8,8,7,4,70,1,6244
3,2,2,7,14,14,7,5,91,9,5690
3,2,3,15,14,14,5,1,57,4,5786
3,2,5,5,13,13,8,2,83,1,7608
2,5,2,10,13,13,6,5,93,2,7581
3,1,3,11,15,15,7,1,9,9,7482
3,1,4,13,13,13,8,5,79,1,6339
5,3,1,12,6,6,5,5,37,5,6416
5,5,1,12,9,9,10,1,84,9,6321
5,4,1,6,13,13,8,1,47,7,5016
2,4,4,9,15,15,7,4,94,6,5975
4,1,1,12,14,14,10,3,80,3,6883
4,3,3,12,12,12,10,4,68,3,3692
1,3,5,12,14,14,7,1,25,10,5725
3,3,3,15,12,12,9,5,23,4,5960
4,5,2,6,13,13,6,4,47,10,5533
2,4,1,12,8,8,5,2,61,9,5288
2,3,3,13,8,8,7,1,9,2,4600
4,3,4,13,14,14,7,1,27,2,5867
1,3,2,13,6,6,5,3,24,9,8188
3,3,3,6,12,12,9,4,68,5,7780
5,5,5,11,11,11,6,4,24,6,6230
5,4,4,10,13,13,6,5,91,5,5476
3,4,5,15,13,13,9,2,9,3,7126
1,2,2,12,12,12,7,3,25,1,5993
1,5,2,5,14,14,7,5,68,1,6279
4,5,2,11,7,7,6,3,97,5,6120
2,3,4,10,8,8,6,5,36,6,6980
4,4,4,12,14,14,10,5,21,2,3060
1,4,2,10,13,13,6,4,27,3,5223
1,4,3,15,13,13,6,5,65,10,2801
1,1,4,9,12,12,10,4,36,10,6334
5,2,1,8,5,5,10,4,37,6,4252
4,3,5,15,6,6,7,5,2,7,6594
2,2,2,11,14,14,7,5,37,5,7767
5,3,2,9,9,9,9,2,83,6,7117
5,1,5,11,6,6,8,1,7,2,7752
3,5,5,5,7,7,6,5,10,7,5400
2,1,5,8,13,13,10,5,75,9,6190
5,1,3,12,10,10,8,5,98,2,6363
2,2,1,8,6,6,5,5,41,8,8823
2,4,3,15,11,11,5,3,45,2,7765
2,3,4,6,14,14,7,3,49,10,6147
3,4,5,5,7,7,8,1,8,7,6541
4,2,5,11,15,15,10,1,34,6,5150
4,4,1,13,8,8,10,2,57,4,2636
1,4,3,12,12,12,7,5,16,9,5444
1,1,3,11,12,12,7,1,70,5,2968
4,1,2,12,14,14,8,1,12,4,4958
4,5,3,10,12,12,9,4,34,4,3666
1,3,2,14,7,7,9,4,33,8,6575
2,3,1,15,5,5,6,1,78,10,5780
5,5,3,13,9,9,9,4,19,1,5201
2,3,3,6,5,5,9,3,4,6,5098
5,4,5,5,14,14,5,4,48,2,4608
5,3,3,12,5,5,6,5,26,1,4843
1,2,4,11,13,13,10,3,2,2,5641
5,3,4,14,12,12,5,5,59,8,5170
2,4,4,9,15,15,9,1,99,7,5874
2,1,3,6,13,13,10,1,56,1,5861
1,2,5,15,14,14,5,2,58,7,5062
1,2,3,12,11,11,9,2,100,6,6023
2,2,4,13,10,10,10,5,61,1,3234
5,1,4,5,12,12,10,2,61,7,4787
1,4,2,14,12,12,6,3,50,10,1616
3,1,5,12,14,14,5,1,91,8,7213
4,5,2,14,5,5,10,2,3,2,3270
5,2,1,12,15,15,7,3,41,7,5249
5,4,1,12,10,10,6,1,31,2,4773
5,2,5,11,14,14,9,3,8,8,1890
5,3,1,15,12,12,7,1,53,7,3486
4,4,5,13,13,13,10,5,53,4,6077
1,5,3,6,7,7,7,4,10,4,5819
4,3,3,8,11,11,6,4,85,7,6895
2,3,5,15,9,9,5,2,59,7,7038
3,1,4,9,6,6,9,2,5,2,5942
4,4,3,6,15,15,6,5,53,10,5474
1,2,1,7,13,13,5,4,10,9,5234
5,1,1,10,13,13,8,1,39,9,5483
3,4,3,8,7,7,9,3,93,3,5425
1,1,4,9,9,9,10,5,44,1,2623
4,1,5,8,7,7,7,1,61,1,2823
2,1,1,15,12,12,7,2,6,4,6587
4,5,2,12,7,7,6,3,87,3,5778
1,2,1,6,9,9,5,2,68,4,6949
3,2,5,14,11,11,9,2,71,9,5299
5,4,1,7,10,10,10,3,32,4,4308
1,4,3,11,11,11,10,2,64,5,4296
1,4,2,5,13,13,7,3,57,8,5062
5,5,4,9,15,15,10,3,49,6,3966
3,4,5,14,15,15,7,4,17,8,5022
3,2,2,15,7,7,6,3,11,7,4261
2,2,5,9,6,6,5,3,99,5,5900
4,1,1,13,5,5,10,1,81,8,5463
5,5,3,10,9,9,5,5,59,2,5887
2,4,3,10,5,5,5,1,57,8,4584
3,4,3,9,10,10,6,3,22,8,3799
4,1,1,7,8,8,8,5,86,5,4609
5,5,3,8,7,7,9,4,28,7,3638
2,5,3,9,11,11,7,4,3,9,4846
5,3,5,9,11,11,10,2,30,4,4473
3,2,2,13,14,14,6,4,28,9,5650
5,2,1,10,12,12,9,4,31,7,5736
1,4,3,13,5,5,9,5,57,5,5470
2,2,4,10,13,13,6,1,32,9,5120
3,5,1,11,14,14,7,1,82,2,5212
3,1,1,9,8,8,6,5,59,10,4804
4,2,4,5,11,11,10,3,66,2,4994
2,5,3,8,10,10,9,3,27,1,5184
4,3,2,11,11,11,9,2,1,7,5010
2,4,1,10,7,7,9,1,14,2,4884
2,3,2,6,14,14,9,5,82,9,4893
4,2,5,14,15,15,10,1,98,1,3857
1,3,5,8,12,12,10,1,50,2,5081
3,1,3,8,10,10,9,1,65,9,5289
3,4,5,14,7,7,9,2,1,10,5203
4,3,3,11,13,13,5,5,60,10,5584
5,3,1,7,10,10,8,3,9,7,5040
5,2,2,10,9,9,8,4,19,4,5256
5,3,2,8,6,6,8,4,13,7,5179
2,1,3,11,7,7,5,1,52,8,4866
2,2,2,9,8,8,8,2,33,7,5186
3,1,2,10,13,13,6,5,3,6,6229
4,5,3,8,6,6,8,1,58,3,5630
2,3,5,13,15,15,8,3,27,8,3370
2,2,5,5,13,13,5,2,57,4,5835
3,4,4,15,10,10,5,4,0,6,1152
5,5,2,9,6,6,10,2,17,2,5818
4,4,4,15,6,6,10,3,88,4,7431
4,5,1,13,7,7,10,4,15,1,6129
5,2,4,6,8,8,8,4,58,2,6429
4,2,3,10,11,11,10,3,33,2,5827
5,1,1,11,12,12,9,2,92,7,6702
4,1,5,7,11,11,10,1,8,3,6767
1,4,4,10,9,9,7,4,2,7,6565
3,4,2,5,14,14,8,2,11,8,4610
1,5,3,5,11,11,5,2,92,9,6367
5,3,5,6,5,5,6,3,20,2,6438
5,2,3,12,11,11,6,5,75,6,5467
1,2,3,11,5,5,10,2,92,3,5369
4,1,4,8,11,11,7,2,22,2,6764
2,1,4,7,6,6,10,3,42,6,5868
2,5,2,11,8,8,9,2,18,1,5302
2,3,5,9,13,13,7,3,6,10,4156
2,5,3,7,13,13,6,3,88,6,4789
5,5,5,12,7,7,10,5,1,1,5816
1,5,2,7,7,7,5,1,48,2,5601
3,5,1,6,5,5,9,5,19,6,4969
4,4,2,13,15,15,6,5,68,9,5409
5,1,1,7,9,9,6,4,95,6,4496
1,2,1,13,12,12,5,5,57,10,4058
5,3,1,11,5,5,5,5,41,1,6074
4,4,3,6,14,14,10,2,71,8,5795
4,2,5,7,7,7,9,1,87,2,4893
4,1,5,12,6,6,10,3,76,7,6052
4,4,5,7,6,6,5,2,1,3,5536
4,3,2,5,7,7,7,2,63,9,5110
4,2,5,7,7,7,9,2,2,8,1059
1,2,2,11,9,9,7,3,41,7,1843
2,3,1,10,10,10,6,5,88,2,2993
4,3,2,15,14,14,7,3,52,5,2556
4,1,2,5,15,15,6,1,34,5,2992
1,5,3,5,9,9,6,2,40,7,3424
4,2,4,10,6,6,5,4,57,7,904
4,4,4,8,10,10,7,5,56,7,4418
3,2,1,8,15,15,9,4,43,1,5611
5,1,3,7,6,6,9,1,74,4,6797
1,3,2,8,6,6,5,4,31,10,5109
5,1,2,7,7,7,5,3,66,3,6180
3,3,2,14,11,11,10,4,48,10,6220
5,2,1,6,11,11,9,2,55,3,3909
5,2,3,14,6,6,8,4,47,5,5676
3,4,5,8,5,5,9,2,78,9,1367
2,5,5,5,7,7,7,5,47,10,5453
2,3,5,6,8,8,8,4,87,8,5019
5,5,5,13,6,6,6,2,4,1,4798
1,1,3,7,5,5,9,4,13,8,5646
5,4,5,8,8,8,10,4,1,8,3671
3,1,4,10,13,13,10,4,41,2,5678
2,2,5,15,6,6,6,4,2,9,5226
3,5,2,8,11,11,7,3,49,3,6766
3,5,2,10,9,9,8,4,14,3,3165
4,3,5,14,12,12,6,3,48,4,2325
5,5,5,6,13,13,10,5,49,9,6128
2,5,1,13,7,7,10,1,66,2,5604
1,4,1,13,13,13,8,3,14,5,5465
2,5,3,12,6,6,5,1,80,10,4718
2,4,2,7,14,14,6,2,11,3,4403
3,3,1,5,14,14,9,2,8,9,5641
5,3,3,11,15,15,9,5,59,8,4692
5,2,3,12,6,6,5,3,6,5,5408
5,3,1,13,5,5,6,5,60,4,5693
2,4,3,10,12,12,7,5,94,5,4694
4,1,5,13,14,14,9,3,82,1,6307
5,3,1,12,7,7,9,1,8,2,2600
3,2,4,11,7,7,8,2,83,7,2996
2,5,3,14,6,6,10,1,58,8,3769
1,4,2,8,10,10,6,5,95,7,3460
2,3,1,10,9,9,9,2,19,4,3338
5,5,2,7,14,14,10,2,22,1,4479
5,4,5,8,12,12,9,3,38,4,4217
3,1,1,12,6,6,7,5,69,5,5908
3,5,4,8,6,6,9,2,2,7,6055
2,2,5,13,12,12,5,4,59,5,5232
1,4,3,6,9,9,7,3,38,9,5690
5,4,4,12,12,12,6,3,8,5,4966
2,4,2,12,14,14,8,3,98,8,5208
5,3,2,6,8,8,9,2,44,3,4649
3,2,3,5,6,6,7,5,91,8,3841
4,3,5,14,7,7,10,2,56,1,5231
5,5,4,8,7,7,10,2,67,9,4378
2,5,3,9,12,12,5,4,100,10,5364
2,3,4,11,7,7,8,4,34,3,5815
5,2,1,8,14,14,5,1,92,8,6590
2,2,1,6,14,14,10,4,72,9,5542
4,3,3,10,13,13,10,2,52,10,7394
1,3,2,10,11,11,6,3,80,9,6205
3,2,5,12,5,5,9,5,8,5,4720
4,5,1,7,8,8,7,5,90,10,5626
4,3,3,10,5,5,9,3,97,3,4449
4,5,1,13,13,13,8,3,57,10,4840
1,1,3,8,5,5,8,5,50,2,4191
4,5,3,7,5,5,8,2,25,6,5922
5,3,1,12,10,10,9,4,100,8,6016
3,4,2,11,7,7,7,4,75,4,5263
3,4,4,14,11,11,7,4,75,5,3960
2,2,4,10,6,6,10,2,86,10,5495
1,1,5,7,9,9,9,1,52,1,5332
4,5,1,7,11,11,10,5,40,1,4223
4,4,5,8,13,13,9,3,93,4,4820
1,3,5,15,7,7,6,1,31,1,5053
4,3,1,7,9,9,6,3,9,1,4853
1,1,2,11,6,6,10,1,14,1,5267
4,5,3,15,15,15,10,4,2,1,4946
3,5,2,8,10,10,10,4,29,9,5274
4,1,4,9,6,6,10,2,38,2,4386
2,4,2,10,9,9,9,4,13,2,5229
5,1,2,9,11,11,7,5,6,1,4897
5,5,1,6,14,14,9,1,77,9,5204
2,1,1,15,13,13,6,1,83,4,4978
1,2,4,6,6,6,5,3,50,2,4945
5,1,3,14,13,13,7,2,10,6,4747
3,1,3,5,10,10,5,1,20,6,4133
5,3,4,9,6,6,6,1,79,9,4856
3,2,5,15,13,13,10,3,6,7,4330
3,3,5,7,12,12,10,4,76,6,5845
5,3,2,8,12,12,8,2,57,1,5045
2,2,3,11,11,11,10,1,17,1,5124
5,5,3,5,11,11,6,2,50,6,4738
5,2,1,15,11,11,9,4,58,7,5254
2,1,3,7,5,5,8,1,93,8,4974
3,3,3,9,11,11,8,4,94,4,5641
2,2,4,6,14,14,10,1,89,4,4914
2,2,2,11,13,13,6,2,10,1,4855
3,3,3,13,15,15,6,1,1,5,5093
3,3,4,8,9,9,7,4,23,1,5377
2,1,2,9,14,14,9,1,17,6,4906
1,5,2,8,10,10,7,4,31,9,5118
3,2,5,6,12,12,5,4,17,1,5599
1,3,4,8,12,12,7,5,19,3,5095
3,2,1,6,12,12,9,5,33,7,4960
3,5,5,15,6,6,9,5,7,9,1071
5,5,1,10,13,13,9,1,53,8,2300
1,1,1,10,6,6,10,2,64,1,5706
1,4,3,6,10,10,9,4,2,2,3921
4,1,4,14,6,6,8,5,2,5,3441
5,1,1,5,11,11,9,3,83,5,6040
4,2,2,14,12,12,9,2,85,5,3585
2,3,5,10,11,11,7,2,46,8,3696
2,1,2,11,9,9,8,3,53,5,4510
5,1,5,11,14,14,9,2,8,4,4242
3,3,5,6,11,11,8,2,92,6,5069
5,4,3,10,8,8,7,2,59,4,3256
5,2,5,12,6,6,8,3,76,9,4315
5,1,3,6,10,10,7,5,46,9,5256
3,1,2,10,14,14,6,5,58,1,4872
4,2,5,11,13,13,6,4,87,10,4067
1,3,1,13,14,14,9,4,75,8,3219
3,4,3,5,12,12,8,4,52,4,3142
1,3,1,10,11,11,9,1,29,9,5047
3,5,4,11,8,8,9,1,69,10,3609
3,3,2,13,8,8,7,2,43,6,1202
4,2,3,12,9,9,5,1,48,2,4018
4,5,2,13,14,14,9,4,30,2,5849
1,1,3,7,15,15,9,1,19,9,5274
3,3,1,12,13,13,6,5,67,1,2871
2,5,1,5,13,13,10,1,94,4,5719
5,1,4,8,7,7,5,2,16,3,3678
2,3,2,5,14,14,8,3,17,2,3503
4,3,3,6,14,14,7,5,13,5,887
4,2,5,10,15,15,10,3,98,9,5643
5,1,1,5,12,12,10,1,20,10,5505
4,1,1,15,9,9,10,5,44,10,5607
3,3,3,6,15,15,9,5,85,1,4971
2,5,1,9,10,10,5,3,62,9,5510
3,4,3,5,9,9,8,1,14,8,3630
2,4,2,14,5,5,8,5,55,6,4325
2,1,2,15,10,10,10,2,3,8,4814
4,5,1,11,5,5,10,5,24,8,4964
5,5,5,5,9,9,7,4,41,1,5770
5,2,2,5,8,8,10,5,81,4,5469
2,5,2,11,5,5,6,5,16,1,5633
5,1,1,12,10,10,7,5,4,9,4390
5,4,5,9,13,13,8,1,66,6,3736
1,4,1,13,15,15,5,2,98,3,5028
5,5,4,8,7,7,7,1,55,2,3940
4,1,4,9,7,7,5,4,67,8,5534
3,4,3,14,12,12,6,4,5,7,5290
5,1,2,10,13,13,10,4,32,8,5209
1,1,4,6,10,10,6,4,68,10,5288
3,2,2,8,5,5,7,1,10,4,5434
1,4,3,11,9,9,8,1,88,2,5317
5,5,4,5,12,12,8,2,40,4,5539
3,3,4,5,15,15,8,3,40,9,4862
3,5,1,12,14,14,9,5,26,4,3506
5,4,5,14,15,15,7,5,47,5,4546
2,5,2,7,9,9,8,1,19,8,4655
1,3,3,9,12,12,9,4,46,4,4753
3,3,1,7,10,10,8,3,29,2,4705
3,4,3,13,6,6,6,1,10,6,3834
3,3,1,11,8,8,6,2,70,3,5696
1,4,1,6,11,11,6,4,61,9,5374
1,4,1,6,7,7,9,2,89,6,4922
1,2,2,8,8,8,9,2,25,9,5210
5,2,5,9,6,6,5,5,27,3,5977
1,1,4,12,14,14,6,1,97,3,5116
4,4,2,10,13,13,7,2,9,9,5468
2,5,3,8,13,13,6,3,66,3,3626
3,1,4,15,12,12,8,1,88,1,3720
2,2,4,15,11,11,5,2,12,10,5661
3,1,3,8,13,13,5,5,76,7,3608
3,4,2,9,13,13,9,3,2,2,4881
2,5,3,9,9,9,9,1,33,1,955
3,2,4,13,7,7,8,1,12,10,1358
3,1,4,6,12,12,9,5,55,4,2056
1,3,4,6,15,15,7,1,86,1,1224
2,5,1,6,15,15,7,3,98,3,3014
1,4,5,7,7,7,8,4,61,9,1666
1,3,5,9,15,15,6,5,69,3,1992
1,5,3,14,15,15,9,1,51,10,2547
5,4,1,10,11,11,5,4,70,1,3312
5,5,2,14,8,8,8,2,4,10,2195
4,3,2,15,15,15,10,2,52,7,3505
2,3,2,7,10,10,8,2,8,10,3098
4,5,3,14,10,10,8,4,82,3,2265
3,3,5,9,11,11,7,4,78,3,3863
2,4,4,15,8,8,8,5,12,4,4004
5,4,3,15,6,6,7,5,10,4,2429
4,1,4,10,11,11,9,3,63,1,4162
1,4,3,10,5,5,9,2,47,5,2946
1,2,5,5,10,10,9,4,8,5,3719
5,2,4,10,10,10,9,2,36,10,3470
5,1,3,6,11,11,5,2,75,7,3855
3,4,1,5,10,10,8,3,3,10,3491
4,1,1,12,10,10,6,3,93,2,4210
2,5,4,15,5,5,5,4,71,2,3619
5,2,1,15,15,15,7,3,89,4,4045
5,1,3,15,7,7,6,4,48,1,4812
2,3,2,9,12,12,9,1,78,1,4177
2,5,3,11,5,5,9,4,55,6,2978
4,1,2,7,11,11,9,3,76,8,4910
5,3,5,6,14,14,7,1,8,8,4970
3,2,5,8,7,7,8,5,94,3,4844
1,1,3,10,14,14,6,5,81,10,4957
2,3,3,14,9,9,9,1,12,9,4754
4,3,5,10,6,6,6,2,6,6,2457
5,3,5,12,8,8,7,4,100,7,4100
3,4,2,11,13,13,6,5,90,8,4465
1,3,2,14,14,14,8,5,67,8,3808
4,2,5,6,9,9,5,4,34,2,4350
1,2,4,12,11,11,9,4,92,8,3774
1,1,2,6,5,5,7,4,46,3,3986
3,3,3,11,6,6,10,1,21,8,4183
3,3,1,6,14,14,9,5,47,5,4067
5,3,2,6,9,9,10,3,34,7,4716
1,5,5,9,14,14,8,1,4,9,4682
3,1,4,11,9,9,8,4,70,8,3564
1,3,2,13,10,10,9,3,26,7,4581
3,1,1,9,14,14,10,3,25,9,4299
2,2,1,14,11,11,9,1,65,4,4941
2,1,5,7,15,15,7,5,24,5,4796
3,4,4,5,5,5,8,2,3,5,4705
1,3,4,14,11,11,10,1,97,2,4995
1,1,2,7,13,13,8,3,77,10,4725
3,1,2,10,10,10,9,1,35,6,4386
1,5,4,6,12,12,6,3,24,7,4374
4,5,3,10,13,13,5,1,88,9,3615
4,4,2,11,10,10,10,3,4,5,4638
5,1,2,15,11,11,5,2,12,7,4456
4,3,4,11,7,7,5,5,40,7,2897
1,1,2,14,14,14,8,3,50,10,4557
1,4,2,8,8,8,10,5,4,8,4988
3,1,5,10,15,15,5,4,16,9,4904
4,4,2,5,5,5,10,2,29,9,4260
3,3,5,12,13,13,10,2,92,9,3179
1,2,5,11,6,6,8,1,34,6,2359
3,1,3,5,13,13,5,5,83,6,4769
3,4,4,14,14,14,9,4,19,6,2999
3,2,3,10,12,12,9,3,95,2,5315
5,1,5,8,6,6,5,3,98,10,5582
5,4,3,8,10,10,8,4,41,9,5551
2,2,2,13,14,14,8,5,12,1,4617
2,4,4,11,5,5,9,2,6,7,2950
1,4,3,5,14,14,10,4,44,8,5070
4,3,5,5,6,6,9,4,4,9,4887
2,4,2,10,12,12,5,3,64,8,3935
5,1,5,6,15,15,6,3,37,3,2787
5,2,3,6,13,13,9,1,7,1,2339
5,1,5,14,8,8,5,1,36,9,2999
4,3,5,15,12,12,5,1,25,2,3824
2,2,5,6,15,15,9,1,10,8,5203
3,5,4,12,6,6,9,2,14,9,4833
3,4,2,9,11,11,6,3,44,1,4805
5,3,2,13,8,8,6,3,59,10,5262
2,2,2,13,8,8,10,3,41,8,3489
2,3,5,15,10,10,9,1,44,7,5436
1,4,5,5,5,5,5,3,81,1,3774
2,3,3,12,8,8,6,2,26,4,4769
4,1,3,8,13,13,6,4,14,9,4294
4,1,2,7,13,13,6,3,3,6,4461
4,2,3,14,5,5,8,2,19,2,4147
3,2,4,5,14,14,9,1,20,2,5589
4,5,5,12,12,12,8,2,35,1,4576
5,5,2,10,14,14,8,5,83,8,6314
3,1,3,5,5,5,7,3,85,3,4283
3,1,4,7,7,7,10,1,4,8,5236
2,2,5,6,12,12,5,2,78,8,4416
4,1,3,11,5,5,7,2,9,8,2964
2,3,5,11,14,14,5,2,23,7,2554
5,5,3,8,11,11,10,1,15,1,2659
4,3,4,11,14,14,6,5,23,1,4988
2,1,1,14,11,11,7,4,22,7,4432
5,2,2,6,12,12,7,3,73,8,4378
4,3,4,6,11,11,8,2,87,2,4885
1,5,2,9,7,7,9,4,68,7,4572
3,4,5,7,15,15,7,2,64,1,3232
5,3,4,11,11,11,5,3,47,7,2914
2,3,2,12,10,10,9,4,42,4,5926
5,2,1,13,10,10,5,5,18,3,4401
2,4,1,7,9,9,7,1,26,10,3460
2,1,1,9,12,12,9,3,49,1,3283
2,4,1,8,6,6,5,1,75,2,4778
3,3,5,14,6,6,5,3,82,10,4914
4,3,5,15,5,5,8,2,53,1,3281
5,4,5,5,6,6,10,3,87,10,5244
5,3,5,15,11,11,8,1,46,7,3577
1,4,4,7,14,14,9,2,69,2,4386
4,3,3,15,5,5,6,2,73,4,6023
1,2,1,7,13,13,8,4,54,9,5865
5,4,5,10,14,14,6,5,48,7,5585
3,2,3,13,6,6,6,5,81,7,6311
3,1,5,9,8,8,9,5,87,5,5657
4,4,1,5,13,13,10,4,89,6,5140
5,3,4,8,15,15,6,1,53,10,4897
4,5,5,15,6,6,8,2,17,9,4838
3,3,1,15,11,11,7,4,61,7,5376
5,5,4,13,15,15,8,1,67,5,5752
2,4,1,15,14,14,7,5,28,9,3978
1,3,5,12,7,7,6,1,85,2,3492
3,2,4,5,12,12,5,5,100,6,5439
1,4,5,14,8,8,7,3,5,10,5487
1,3,1,6,9,9,5,1,9,2,5165
5,4,2,7,13,13,6,1,55,5,5369
1,4,5,9,12,12,10,5,24,5,6056
1,4,4,13,13,13,7,5,74,3,4087
5,4,1,9,12,12,10,5,84,2,4987
4,1,1,5,5,5,6,3,44,9,5725
5,4,3,9,7,7,6,4,56,10,5509
1,3,1,8,14,14,10,5,52,2,4912
4,5,5,10,6,6,5,1,65,8,5763
2,4,4,12,7,7,9,5,30,6,3521
3,4,5,9,15,15,6,3,91,10,5801
4,3,3,11,13,13,5,2,51,3,3416
2,2,5,11,6,6,8,1,10,1,5320
3,5,3,8,10,10,8,2,92,9,4974
3,1,4,5,6,6,10,3,16,4,6133
1,3,5,10,9,9,7,5,54,9,5272
5,2,4,8,8,8,8,1,5,6,5938
3,4,2,9,8,8,10,2,68,10,5877
2,5,2,15,15,15,7,2,28,10,6902
5,1,2,5,6,6,7,4,52,8,6408
1,2,1,6,14,14,5,4,93,5,6165
2,3,1,7,7,7,7,5,82,9,5858
3,3,1,13,13,13,8,4,0,10,5803
2,1,1,13,14,14,10,1,78,7,5405
1,5,1,10,8,8,9,5,19,7,5782
4,1,1,13,8,8,8,5,46,6,5671
3,2,4,11,6,6,10,4,91,2,5636
3,1,5,5,8,8,10,2,2,7,5156
3,1,5,10,9,9,9,3,70,8,4869
5,1,4,5,11,11,10,4,56,4,5468
3,2,5,14,14,14,6,1,41,10,6057
5,2,5,14,10,10,6,3,98,8,3606
1,2,2,12,11,11,6,2,70,5,6163
5,2,3,11,14,14,8,3,16,1,6073
3,5,3,7,15,15,5,2,43,3,5917
1,2,4,12,9,9,6,2,71,1,5048
1,3,1,15,8,8,7,4,19,1,5805
4,3,4,15,6,6,10,2,98,1,5028
5,4,4,12,10,10,10,5,12,10,5682
2,4,2,6,15,15,7,2,2,2,6240
2,5,5,6,13,13,9,5,26,1,6186
2,5,3,11,7,7,5,3,10,6,5664
3,3,4,15,6,6,7,5,99,10,5534
5,2,1,10,12,12,6,2,62,7,6241
2,5,1,11,12,12,6,2,76,2,3963
1,2,2,13,12,12,9,3,22,7,5309
2,5,4,13,8,8,9,2,46,10,3245
3,4,1,7,12,12,6,1,79,7,6206
5,4,1,7,15,15,6,2,22,5,5807
2,4,4,14,10,10,9,1,15,8,6457
4,2,5,11,11,11,5,5,63,3,6175
4,1,2,11,7,7,6,1,90,1,6301
3,1,3,9,9,9,6,1,85,1,6814
2,5,2,8,9,9,8,2,31,2,5882
1,1,3,9,6,6,7,5,15,9,5558
4,2,4,14,9,9,9,2,53,7,5213
4,3,5,5,15,15,7,5,6,5,5492
4,2,1,7,12,12,7,1,89,1,5053
3,4,2,12,6,6,9,2,73,2,4999
2,4,1,8,11,11,10,2,57,8,5412
5,4,2,14,6,6,9,3,9,2,4645
4,1,1,15,8,8,7,5,7,2,5251
1,1,4,11,14,14,9,4,67,10,5423
3,3,1,14,11,11,9,5,18,1,5095
4,2,2,10,12,12,7,2,44,6,4597
4,4,3,10,5,5,10,2,53,5,5458
5,2,1,13,8,8,6,3,38,9,5604
5,1,4,9,5,5,8,5,73,2,6037
5,5,5,12,5,5,5,4,65,8,6041
1,4,1,15,14,14,5,2,96,10,5063
2,2,2,5,7,7,10,4,20,6,4993
2,3,1,11,14,14,6,1,22,2,5049
3,4,4,11,5,5,7,2,15,5,4849
5,5,5,9,11,11,8,5,21,1,5609
4,4,5,8,12,12,5,1,34,7,6028
3,3,4,7,8,8,9,1,70,2,3845
2,3,5,10,9,9,7,3,46,6,4845
2,3,3,11,12,12,8,3,49,4,3138
1,3,5,11,10,10,7,5,73,3,4307
5,3,4,10,5,5,9,5,92,2,5440
3,3,5,11,10,10,7,4,11,10,4868
1,1,5,6,6,6,7,5,51,10,3830
3,4,1,14,8,8,8,1,72,10,5331
2,2,4,14,13,13,8,2,89,10,5203
4,1,1,14,14,14,6,4,81,2,4996
1,2,5,12,7,7,6,2,87,8,5685
1,2,1,5,15,15,7,5,83,1,5052
5,4,3,10,5,5,6,1,4,7,4918
1,1,3,10,11,11,10,3,53,7,5253
5,1,4,11,13,13,6,1,26,8,4395
2,4,2,15,8,8,6,5,22,6,5322
2,4,5,8,15,15,7,2,54,6,5059
4,1,1,7,5,5,10,1,95,6,5042
4,5,4,12,11,11,7,1,63,3,6224
5,3,1,7,6,6,9,2,87,9,5997
3,4,1,13,6,6,8,1,90,6,5968
2,3,5,6,6,6,10,1,67,10,5844
2,5,2,12,8,8,7,3,18,2,6638
2,1,2,14,15,15,5,2,35,7,5038
5,5,3,5,10,10,10,4,45,9,5128
2,5,4,5,8,8,7,4,35,6,5580
5,5,4,12,8,8,10,5,64,1,4734
3,1,1,14,13,13,9,1,26,9,5433
1,3,4,7,13,13,8,4,63,8,5104
5,1,1,11,10,10,10,1,21,4,5565
3,4,3,6,5,5,10,5,70,9,5725
3,4,2,6,10,10,6,2,18,8,5051
4,4,3,9,10,10,10,3,65,9,6452
2,1,2,8,5,5,9,4,80,4,4849
5,1,1,9,11,11,8,3,21,7,6202
3,5,4,12,11,11,9,4,9,7,5386
5,2,1,15,13,13,8,2,70,3,2935
3,3,2,9,5,5,8,2,88,1,2710
2,3,4,9,12,12,10,1,27,1,2921
4,3,4,11,5,5,7,2,0,1,857
4,3,2,13,7,7,7,4,96,2,2973
1,1,3,11,14,14,9,2,58,4,2211
2,4,3,14,12,12,5,1,35,1,4453
2,5,5,15,5,5,6,2,45,9,3651
4,4,5,8,11,11,10,2,46,2,2318
3,5,1,10,12,12,6,5,37,10,1099
5,3,5,5,11,11,10,2,8,3,2568
5,1,3,10,14,14,6,2,82,8,2308
2,5,5,12,13,13,5,3,41,7,4202
3,3,1,6,15,15,6,2,49,5,5245
4,3,4,6,13,13,6,4,58,7,2888
5,4,5,8,15,15,7,1,16,8,2790
5,4,4,11,11,11,5,5,40,8,2527
4,1,5,6,9,9,6,1,2,8,6331
5,3,1,8,6,6,5,5,89,3,3902
4,3,3,11,11,11,9,5,37,8,5725
1,3,1,5,14,14,8,2,42,1,5329
5,3,2,8,12,12,9,5,38,5,3317
1,3,2,13,7,7,10,1,81,3,5674
2,2,2,8,7,7,5,3,52,10,4508
2,1,4,11,14,14,7,3,88,4,4629
3,4,2,8,5,5,7,5,5,9,4647
4,3,4,14,15,15,10,5,17,2,3299
1,1,2,5,10,10,6,1,2,6,4473
4,1,3,11,11,11,6,1,69,5,5240
4,3,4,12,6,6,9,1,90,7,3342
1,5,3,10,11,11,10,1,5,4,4258
2,5,1,12,7,7,6,4,36,5,3330
5,1,2,13,11,11,6,1,72,7,4547
2,4,3,12,12,12,9,1,74,3,5030
4,3,5,13,12,12,6,4,69,5,4366
1,5,2,8,15,15,10,4,33,5,4594
5,5,5,12,10,10,10,5,77,3,5410
2,1,5,10,13,13,7,4,2,3,5411
2,5,4,9,7,7,10,1,49,5,5108
5,5,2,15,6,6,9,2,66,7,4960
2,4,1,8,13,13,8,2,83,3,6466
5,3,5,10,10,10,8,2,12,1,4106
2,2,4,6,13,13,9,4,80,10,4845
2,4,1,9,11,11,5,1,35,2,5083
3,4,1,8,8,8,8,5,48,3,5754
3,3,5,9,5,5,7,4,75,3,3490
2,1,4,5,11,11,6,2,99,8,6026
2,2,3,6,6,6,6,3,82,4,5842
2,3,3,10,6,6,6,4,97,7,4920
3,5,4,15,6,6,10,5,45,9,6242
5,2,2,9,9,9,10,2,32,2,6162
4,1,4,13,10,10,6,4,12,4,5738
1,5,2,10,15,15,7,3,47,6,5383
2,5,5,12,8,8,8,4,4,6,5466
4,5,3,7,13,13,7,3,61,1,5155
1,1,1,13,11,11,7,1,100,1,6266
3,2,3,5,10,10,10,3,81,1,6011
4,5,2,9,13,13,10,2,70,7,3972
3,1,5,7,5,5,5,3,98,1,5954
2,3,3,6,10,10,8,3,66,7,5261
2,1,2,13,13,13,7,2,83,4,5048
5,5,1,7,12,12,8,4,83,1,5473
5,5,4,11,10,10,7,4,92,10,5321
5,3,1,12,9,9,8,3,85,3,4674
2,5,5,10,12,12,10,5,86,5,6072
5,1,2,9,13,13,8,5,81,5,5727
4,4,1,6,7,7,8,5,51,6,5168
3,4,1,13,9,9,5,2,82,1,5605
1,3,5,8,8,8,8,3,98,7,5557
3,2,3,12,7,7,9,3,31,6,5225
2,2,2,15,6,6,9,4,52,7,5250
1,3,1,8,8,8,5,1,1,2,5597
4,2,1,6,13,13,6,2,96,5,5795
3,1,2,13,7,7,7,3,33,7,4732
5,4,1,7,7,7,6,4,82,9,5407
4,4,5,12,9,9,8,1,53,7,4216
4,2,3,14,14,14,10,3,11,3,5590
2,5,3,5,7,7,8,1,32,5,5870
1,2,5,10,9,9,9,5,85,10,5392
3,3,5,12,8,8,6,4,68,1,3632
3,2,2,13,8,8,10,1,5,9,3553
3,2,2,10,12,12,9,3,91,10,1437
2,1,3,12,10,10,5,4,62,4,2894
5,1,4,8,13,13,10,4,3,1,3872
1,5,2,7,14,14,9,3,94,8,2590
3,3,2,6,8,8,7,2,9,8,2463
3,4,1,12,6,6,7,5,26,9,1019
5,3,3,8,12,12,9,2,39,6,2562
2,4,1,15,13,13,8,3,45,2,4608
1,4,2,14,7,7,6,4,79,10,3683
3,5,3,14,5,5,7,1,53,3,5971
3,1,2,14,6,6,10,4,19,2,4474
4,4,3,11,7,7,7,1,53,5,4701
2,5,5,11,5,5,8,1,38,10,4249
1,5,4,9,12,12,7,4,37,1,4382
1,3,2,15,6,6,9,3,90,7,4659
4,1,1,12,10,10,7,4,1,3,3369
2,1,3,15,14,14,9,2,13,8,4106
5,2,5,15,14,14,6,3,86,1,4133
3,1,4,11,6,6,5,1,99,10,4803
4,3,4,5,13,13,5,2,27,1,4755
5,2,2,10,12,12,8,4,74,1,4992
3,2,5,14,5,5,6,1,53,7,4309
4,5,5,9,11,11,7,4,63,4,3746
4,4,2,7,15,15,10,4,57,2,4108
2,4,4,10,11,11,7,5,15,8,5294
4,3,2,15,6,6,8,4,83,6,6605
2,3,5,12,13,13,5,4,12,1,5275
4,3,4,9,7,7,10,2,51,2,5362
3,2,1,12,15,15,5,3,80,9,5391
5,4,2,6,12,12,10,2,34,10,5747
3,4,4,15,9,9,10,4,49,8,5644
1,3,5,9,5,5,6,4,36,10,6107
2,4,4,8,12,12,10,3,63,1,6192
1,2,5,9,9,9,10,5,71,7,5867
1,2,3,10,14,14,7,4,98,8,3406
5,3,4,9,10,10,8,1,5,6,1828
3,5,3,11,12,12,5,2,12,5,3365
3,2,3,10,14,14,9,1,66,8,4646
1,2,2,6,14,14,10,4,28,2,5996
2,5,2,10,15,15,9,5,4,8,4692
2,1,2,9,13,13,9,3,88,3,5196
3,3,2,6,14,14,5,4,76,9,5014
5,4,4,8,10,10,9,2,48,5,3563
1,2,4,15,6,6,10,3,24,8,4839
2,2,1,6,7,7,6,4,32,10,5220
4,5,3,14,12,12,9,3,29,1,4396
2,2,3,7,5,5,7,3,43,8,3872
2,2,2,14,15,15,7,5,13,9,4741
1,1,4,15,7,7,8,4,37,6,4872
5,5,2,6,15,15,7,5,100,10,4741
3,1,4,14,8,8,7,5,36,6,5214
3,5,5,10,12,12,6,1,62,2,4056
2,3,1,15,11,11,6,2,51,7,3704
2,4,3,7,7,7,5,2,100,10,1600
5,2,1,14,10,10,5,1,22,2,2761
4,3,5,11,12,12,5,1,71,3,3849
2,5,4,5,11,11,6,5,32,3,3330
1,3,2,10,12,12,9,3,43,7,3959
5,4,5,14,12,12,7,4,67,9,3943
1,2,3,8,14,14,6,4,15,3,4927
2,2,3,10,9,9,8,1,0,3,4959
5,3,4,7,7,7,7,1,85,6,3199
5,3,1,11,7,7,7,2,62,4,2980
4,4,2,7,11,11,6,2,81,1,3821
2,4,1,7,10,10,10,4,24,7,4671
1,5,2,7,12,12,10,3,42,6,4488
3,5,3,7,8,8,7,4,75,8,4834
3,5,2,10,5,5,7,1,95,10,5055
2,5,5,5,5,5,8,1,99,5,3283
5,1,2,6,9,9,9,5,20,5,4419
5,4,3,9,11,11,7,1,79,9,3282
5,2,4,10,14,14,9,2,63,5,5040
1,4,3,7,5,5,6,5,31,8,4848
5,4,1,14,11,11,7,1,90,8,4132
3,5,3,10,13,13,10,5,42,6,4091
2,4,3,15,9,9,9,3,5,1,3608
5,3,1,11,11,11,6,3,36,9,3425
5,1,4,12,7,7,5,1,11,10,4494
1,2,5,11,10,10,6,5,40,3,5057
2,2,3,6,8,8,9,4,41,9,4677
5,3,1,11,6,6,9,2,68,4,5047
1,4,3,13,13,13,9,1,16,2,4865
1,1,2,12,15,15,9,3,12,1,4384
3,1,3,15,5,5,7,4,98,9,5064
1,5,5,8,15,15,8,2,46,4,4506
5,5,1,8,5,5,5,3,38,2,4650
3,1,3,12,13,13,10,2,68,1,4436
1,1,2,15,14,14,5,3,5,3,5169
2,5,4,14,6,6,8,2,94,6,4817
3,1,1,11,8,8,9,2,88,4,5251
3,4,4,7,7,7,10,2,60,4,5151
3,2,5,11,5,5,6,4,22,4,5056
4,4,1,6,12,12,5,5,52,10,3222
4,2,4,10,8,8,7,2,5,5,4867
4,3,5,7,9,9,8,5,15,7,4554
5,1,5,11,8,8,10,1,60,3,2650
3,2,1,9,11,11,10,3,0,10,2582
1,4,3,14,13,13,7,2,36,6,3135
3,3,3,9,7,7,5,4,99,3,3417
5,1,2,10,13,13,7,2,59,1,5513
1,5,1,6,13,13,5,2,94,7,5675
4,5,1,8,8,8,8,4,76,3,3652
4,2,2,5,11,11,5,4,3,3,885
3,5,5,12,7,7,9,2,49,7,1288
5,4,4,13,10,10,6,4,46,1,4797
4,4,3,11,5,5,6,5,22,5,4237
4,5,5,11,8,8,8,3,88,1,3364
1,2,1,9,12,12,7,1,61,10,7004
1,5,4,5,15,15,7,5,34,6,6688
1,3,5,10,9,9,7,3,46,9,1931
4,3,4,9,14,14,10,2,42,10,2495
5,5,3,9,5,5,5,1,75,8,4832
2,3,4,5,7,7,6,4,88,8,5022
2,1,5,13,10,10,7,1,45,1,5115
1,2,1,8,13,13,7,3,56,3,5678
3,5,4,6,8,8,6,5,86,9,4487
2,5,5,5,7,7,9,3,27,4,5370
3,5,2,13,8,8,5,5,17,9,4419
3,4,5,5,13,13,5,4,38,5,4439
2,5,3,12,13,13,8,5,61,8,2876
5,4,4,9,15,15,7,2,66,1,5222
2,3,2,8,15,15,6,3,57,3,4783
5,2,2,9,13,13,5,3,100,9,2883
5,5,1,13,7,7,5,2,79,5,3910
3,5,1,6,13,13,5,3,20,10,5002
2,2,2,15,10,10,8,1,86,8,5222
4,3,5,12,11,11,5,1,71,7,4291
4,1,4,10,14,14,8,5,61,5,4674
3,3,2,7,12,12,10,2,74,4,4637
3,1,4,5,6,6,6,1,33,4,4851
3,2,5,10,13,13,10,4,37,7,4900
2,3,1,13,5,5,5,3,39,10,4269
1,4,2,7,12,12,7,1,87,6,6045
2,1,5,15,13,13,7,5,89,4,5434
5,3,4,12,15,15,8,2,100,10,6251
4,2,2,11,10,10,10,1,13,10,4846
5,1,1,12,8,8,8,2,88,10,4022
3,4,4,12,11,11,9,2,2,8,4551
3,1,2,8,7,7,5,3,19,4,4929
2,5,3,12,6,6,8,2,47,2,2431
2,1,5,10,10,10,5,1,68,5,5777
4,3,2,8,9,9,8,3,81,9,5868
3,5,2,8,11,11,6,4,29,7,4794
3,3,4,13,14,14,9,1,70,4,3155
1,1,3,9,11,11,5,3,92,5,4708
3,3,5,15,14,14,6,3,4,9,3014
5,2,4,15,5,5,9,1,70,5,3341
4,1,3,7,8,8,10,1,44,5,4348
4,2,4,8,7,7,5,3,57,10,4683
4,5,2,13,13,13,8,5,75,3,4782
5,4,4,14,15,15,5,1,8,4,4718
2,4,4,7,9,9,5,5,87,4,4554
5,2,5,12,10,10,9,1,47,3,3562
2,3,4,15,7,7,6,5,54,4,4828
4,1,3,9,13,13,7,2,51,2,4168
2,3,5,8,9,9,7,5,7,1,2919
3,1,3,12,13,13,6,1,92,5,5509
5,3,2,13,5,5,7,3,28,2,5278
2,3,4,15,12,12,5,3,76,7,5443
4,5,2,10,6,6,8,2,85,2,5751
5,1,3,13,10,10,8,1,33,1,1200
2,4,2,11,7,7,9,5,78,8,769
3,3,5,5,8,8,6,3,38,10,3108
1,4,5,7,11,11,10,3,45,6,5684
2,5,2,15,13,13,8,4,56,2,5180
2,1,1,15,7,7,7,3,66,9,4690
5,5,2,7,7,7,5,2,23,1,6391
3,4,5,5,14,14,7,4,61,5,6102
1,5,5,7,12,12,10,3,33,10,4408
1,4,1,13,9,9,7,1,85,3,6479
1,5,4,10,10,10,7,2,22,9,3080
1,2,2,8,12,12,6,1,15,7,4146
1,1,4,12,6,6,10,2,27,2,2949
3,2,5,14,8,8,7,3,94,7,3581
5,1,2,8,6,6,9,5,79,3,5117
2,1,2,11,15,15,8,4,89,8,4628
4,3,4,8,13,13,6,5,62,6,5013
1,3,5,5,7,7,10,2,62,4,4997
5,4,3,9,6,6,5,3,96,1,5256
3,4,3,10,14,14,7,4,31,7,4488
1,3,3,9,9,9,7,2,52,4,4656
1,5,4,11,11,11,6,5,2,3,3263
5,4,2,8,9,9,5,4,96,3,5273